4.430548607
4.441668439
4.455762773
4.4559621
4.457898065
4.464791746
4.463905386
4.46871165
4.476624003
4.483847955
4.483268417
4.484713174
4.490703958
4.501762906
4.510806363
4.526846889
4.533242754
4.536763543
4.534338531
4.526610397
4.522209333
4.513116595
4.516515614
4.498320355
4.493890395
4.481294382
4.469625936
4.464346286
4.461007814
4.454707894
4.450484714
4.437768679
4.435537638
4.427513054
4.432099136
4.442163556
4.442696143
4.446173371
4.444710403
4.443380329
4.45086207
4.444784624
4.452353537
4.456938265
4.455647374
4.448009906
4.438980774
4.427516146
4.417421442
4.397787343
4.381770155
4.372126508
4.351364792
4.331889047
4.320394282
4.308846847
4.298659498
4.28055757
4.267050665
4.250625762
4.244023197
4.231978021
4.220699479
4.21440047
4.20907579
4.200322811
4.18421936
4.181836692
4.173444878
4.165492433
4.155574952
4.143412775
4.127725872
4.117425638
4.113994597
4.107383408
4.101121963
4.098168004
4.09721978
4.089316884
4.081267622
4.078719366
4.064234436
4.059520068
4.049866242
4.036499261
4.024324452
4.003904145
3.982759748
3.963470362
3.952302709
3.947150207
3.933924367
3.913762517
3.902576385
3.893746938
3.885075946
3.873443522
3.859109304
3.864434938
3.842895578
3.822982633
3.812571602
3.800357707
3.788260646
3.789583411
3.775145672
3.771240937
3.77033431
3.775247377
3.774063302
3.778834167
3.789408517
3.790064114
3.801882983
3.823877314
3.827157862
3.839294855
3.848223834
3.869587263
3.860685205
3.860472953
3.869486906
3.874359545
3.864478239
3.865080096
3.86499131
3.859843393
3.867715335
3.878147685
3.883567595
3.894913329
3.909819057
3.913117295
3.935332957
3.949952315
3.963561953
3.968750863
3.98941337
3.997559185
4.001857892
3.999890048
4.005606861
4.003000025
3.99814175
3.997393773
4.003179806
3.99132735
3.997658692
3.990935546
3.979124835
3.975472427
3.973863104
3.970234383
3.968886018
3.966519796
3.965273786
3.961755283
3.963340893
3.968546328
3.965055268
3.96659841
3.969761468
3.966189391
3.967275225
3.968511916
3.980050056
3.973048286
3.978991818
3.977371058
3.984342041
3.991788907
3.983853178
3.988286092
4.000335073
3.990375458
4.005253017
4.003961826
4.004244032
4.003588501
4.001426782
3.999307225
4.004677223
4.000796045
3.996056588
3.989009057
3.983340083
3.9755188
3.969809515
3.954749429
3.948249063
3.935553756
3.929391932
3.925537422
3.91338459
3.912188
3.908738038
3.911486337
3.910877137
3.91154465
3.915728234
3.916329692
3.92903229
3.936686066
3.94465361
3.947342905
3.95290066
3.957913412
3.968558832
3.970443109
3.972636574
3.977628468
3.979223371
3.973005508
3.966726271
3.969914177
3.957005091
3.949272385
3.941111045
3.932619908
3.930416318
3.919642294
3.920590289
3.911353029
3.906033737
3.900110407
3.894319225
3.894427342
3.888913442
3.885422371
3.878693672
3.881131708
3.873966135
3.87239421
3.872880153
3.861694082
3.860642474
3.848400065
3.834958033
3.826924233
3.826901718
3.809688022
3.803643739
3.800283828
3.783192819
3.77800284
3.778396998
3.771221263
3.753892768
3.747229353
3.741010592
3.73272352
3.729954311
3.728381369
3.722150485
3.72211835
3.722489854
3.738766004
3.75998106
3.78262863
3.8179679
3.848316409
3.868822995
3.880945515
3.866119262
3.868092242
3.841101627
3.853541246
3.959138348
4.014096472
4.052082995
4.184279189
4.286816687
4.077493092
4.182617766
4.25088572
4.228671298
4.208887695
4.12957636
4.168219506
4.121161194
4.146393513
3.990103718
4.45212598
4.036031124
3.293649311
3.767345218
3.533208148
3.560519454
3.570392263
3.488307674
3.512981118
3.60001108
3.390898249
3.395540811
3.387902128
3.129285176
2.946586413
2.896969667
2.763675981
2.744778222
2.537799855
2.451522198
2.053521489
1.81978654
1.853593177
1.794902863
1.453708596
1.3653907
1.392939816
1.204036127
1.241529198
1.763340897
1.912701302
1.916007104
1.702203463
1.608598758
1.791313518
1.929384674
2.001585822
2.17009048
2.322025879
2.286925297
2.351697624
2.525710311
2.333192281
2.475381158
2.611076867
2.619587131
2.580063281
2.687521799
2.825048016
2.957022828
3.045736178
3.234687583
3.449806153
3.491663825
3.694387106
3.810161561
3.894783316
4.022579353
4.081405781
4.099705941
4.190514365
4.24189549
4.172815508
4.122227236
4.167271275
4.177755746
4.044682387
4.05719849
3.934288438
3.935642811
3.835485749
3.672357093
3.593939259
3.620330195
3.494802488
3.429175986
3.508467892
3.345015098
3.223869054
3.278120139
3.203273851
3.072551921
2.858150816
2.675087464
2.734801845
2.596113284
2.4696155
2.32537275
2.203544411
2.107866065
2.02400267
1.941004481
1.780735636
1.757005771
1.515665918
1.31556668
1.25098949
1.819421612
1.776403717
0.983863778
0.685053613
0.550519123
0.55707195
0.481977283
0.208855944
0.105795277
0.026575522
-0.155531942
0.158847372
0.272414636
0.248168515
0.185396045
0.123657769
0.278176153
0.167021678
0.027530783
-0.028015007
-0.041008572
0.029678221
-0.083492438
0.004618875
-0.14711869
-0.132014752
-0.034269992
0.022570402
0.06043125
0.266776803
0.328269243
0.520499839
0.76056157
0.841308561
1.148789222
1.407727948
1.50533444
1.773805894
2.036103394
2.194169344
2.462274847
2.629509668
2.84991545
2.941255111
3.13483215
3.350048793
3.562357044
3.756390235
3.976062665
4.19132951
4.424942689
4.476716282
4.665027008
4.770615849
4.903444741
5.158095871
5.220103076
5.493925865
5.520497852
5.716799789
5.81585478
5.990821737
6.06634668
6.2412206
6.394181236
6.690185849
6.825083708
6.945083648
7.138046202
7.260770476
7.359429147
7.536169104
7.719647828
7.930532574
8.121744286
8.310772759
8.510735051
8.72248637
8.895446646
9.164689227
9.353426038
9.598816244
9.855500955
10.16039092
10.29281703
10.47407341
10.71257482
10.92557701
11.20253372
11.61620657
11.95530357
12.34242457
12.68566386
13.06793115
13.50452292
13.92198716
14.32033787
14.67519457
15.01913588
15.28360089
15.67631525
15.98521735
16.13238679
16.34935951
16.37512625
16.66455924
16.87517135
17.30561333
17.40691225
17.58287354
17.46545645
17.6126097
17.5421029
17.30501893
17.12273995
16.86451244
16.29031214
16.096729
15.70729402
15.06193585
14.68978433
14.22900455
13.62902059
13.18099839
12.87485997
12.13756888
11.98368069
11.56078498
11.10620751
10.84389323
10.59387145
10.13957842
9.841798975
9.78162304
9.421542334
9.421497254
9.351717584
9.126382276
9.078757431
8.971157739
8.85057357
8.634939735
8.385417922
8.262580124
8.203507585
8.254825136
8.224029527
8.328668594
8.287392661
8.233741549
8.181595464
8.007773824
7.830231236
7.759910241
7.607544824
7.361698871
7.281144714
7.218833173
7.023838866
6.938344332
6.971932711
7.038962195
7.023758498
6.992775035
6.842218287
6.595810669
6.432294087
6.257161459
6.069977029
5.76708737
5.621740598
5.48706625
5.144236679
4.872524824
4.845349957
4.435921181
4.202461452
4.080714308
3.917973669
3.776506869
3.589754246
3.567819234
3.437087716
3.267922895
3.310567637
3.375701631
3.135718828
3.075844185
3.065034751
3.125523373
2.926070094
2.875677697
2.841997458
2.697495475
2.645897581
2.597391546
2.636604154
2.511038732
2.529103791
2.57024538
2.552243978
2.5586668
2.502478127
2.602706901
2.72994836
2.6033228
2.729885114
2.897277547
3.006799172
3.149923477
3.143586139
3.296648907
3.474918701
3.627945493
3.780460853
3.762972303
3.92014046
3.995344508
4.242045408
4.326276585
4.471511673
4.605292885
4.774601817
4.801744321
4.931174583
5.026272158
5.172007947
5.42702625
5.7240971
5.907958765
6.217948697
6.445681664
6.827341492
7.171205586
7.410455408
7.747880621
8.08171391
8.431835769
8.921885776
9.309824941
9.678480686
9.989906497
10.37768499
10.79283667
11.19596752
11.49647481
11.83930003
12.14580586
12.41423699
12.6958888
13.00669014
13.20963011
13.41926225
13.63472178
13.9154558
14.12063224
14.23621297
14.34078188
14.65233281
14.73104317
14.85915341
14.96644519
15.12981642
15.12552979
15.15574664
15.28223755
15.24719573
15.11438132
15.24920057
15.15105892
14.95384243
14.80767547
14.76863472
14.49818353
14.40351893
14.20413578
14.0793819
14.04437094
13.747619
13.53719401
13.4691214
13.37660147
13.06984813
13.01399131
12.90895536
12.78490014
12.65644873
12.63602257
12.49952576
12.39050771
12.15670547
12.10275274
12.03691245
11.87080351
11.76117962
11.58985569
11.51791665
11.51571263
11.5443256
11.32606229
11.30445023
11.31969164
11.24686647
11.22134118
11.16037293
11.10278221
11.11886837
11.04985749
11.12725539
11.03623902
11.09081805
11.17097243
11.11295181
11.154746
11.02920053
10.95713329
10.90268451
10.93525085
10.96580328
10.98110117
11.06346191
10.98177149
11.03351436
11.04810079
11.14590101
11.08757038
10.95798
11.06308162
10.99357417
10.89891188
10.94960628
10.97771151
10.94052036
10.97222209
10.95911911
11.14054757
10.99582641
11.25479238
11.31723772
11.41598969
11.58608384
11.62849542
11.74266231
11.92993935
11.9623228
12.12037881
12.29502073
12.29365052
12.3239345
12.4446201
12.53151921
12.69611767
12.7698607
12.86780758
12.8564604
13.19686116
13.23235639
13.26458481
13.39467828
13.36396891
13.58694917
13.72222891
13.70755466
13.85662139
14.00825603
14.09272151
14.25527408
14.24728292
14.39053224
14.39445071
14.51331751
14.54204924
14.67179636
14.68695059
14.82899845
14.8881722
15.05767242
15.09399182
15.22401285
15.34259436
15.40604701
15.55587751
15.70385233
15.84722375
15.99075934
16.23851715
16.41303658
16.60784786
16.80156591
17.10065213
17.22358464
17.42070104
17.62301089
17.820757
17.92122355
17.93024118
18.26796497
18.42174831
18.63941136
18.68026087
18.81171845
18.74715707
18.85066263
18.88968455
18.839004
18.59991229
18.52970722
18.3613296
17.90494705
18.03697907
17.65917831
17.33998596
17.29850423
17.09831206
16.99909382
16.82877553
16.70465943
16.65016736
16.31876699
16.25529496
16.05559672
15.6662153
15.35701355
14.94237238
14.84531572
14.60317546
14.39742236
14.29297877
14.19946896
14.04594828
13.91833062
13.67804682
13.41895236
13.42282714
13.11075766
13.00845584
12.76691949
12.6975262
12.53369471
12.37376882
12.23855132
12.03148552
11.9320478
11.79712312
11.57304661
11.53053175
11.49745233
11.38630611
11.38996898
11.4600218
11.51743158
11.38097881
11.25173091
11.32934089
11.33174972
11.32324329
11.25626405
11.36874255
11.35792646
11.48247627
11.50808246
11.5806763
11.88806796
12.06744446
12.28389087
12.45626097
12.6042924
12.78866912
12.8381716
12.99305384
13.11263284
13.20960564
13.41186346
13.42133216
13.38255991
13.54343465
13.48868371
13.51381608
13.59638152
13.53421881
13.50069874
13.60976602
13.73102385
13.77785687
13.94357261
14.08563757
14.21491371
14.30986939
14.39727802
14.49480376
14.59448778
14.82578405
14.93226213
15.07974459
15.2202514
15.2792792
15.32738872
15.46665623
15.50620504
15.60314045
15.69327657
15.73623522
15.89768993
15.84215829
15.98543753
16.09249306
16.0586869
16.20392971
16.27863139
16.50117486
16.58700301
16.71039222
16.85930706
16.99996131
17.26848198
17.35992031
17.61287135
17.78086897
17.89443426
18.02111322
18.09953544
18.22342534
18.29800479
18.4262911
18.64143793
18.70458295
18.69472583
18.51820083
18.49975526
18.46554884
18.41640412
18.3218013
18.2338137
18.17123286
18.11302926
17.75411586
17.62919063
17.39328309
16.9234668
16.73714158
16.45842522
16.16582649
15.8456887
15.52939799
15.16851248
14.8239649
14.50803413
14.22892712
13.91207768
13.74139397
13.44893224
13.26216304
12.94108804
12.72345989
12.51187015
12.30270063
11.97077507
11.63432056
11.46059393
11.24565104
11.01997298
10.91171289
10.8055731
10.66002663
10.57601022
10.39452701
10.15319245
10.0223883
9.883051305
9.738557066
9.699798191
9.710387489
9.635234592
9.540029467
9.612993783
9.4676818
9.535549845
9.636335279
9.521100916
9.518830719
9.542243693
9.557697148
9.668891655
9.576658112
9.662538022
9.69044841
9.737827886
9.823144909
9.947651727
9.960945042
9.943464598
10.00053594
10.17554523
10.24974924
10.38680223
10.43813273
10.67999194
10.90837669
11.02039051
11.31369001
11.50647283
11.66032909
11.85742041
11.96042113
11.8760165
12.05252693
12.11384578
12.29470717
12.29021229
12.57003171
12.83685148
12.98242574
13.20848029
13.33117718
13.45373155
13.5855241
13.70565787
14.00579981
14.07307256
14.3167534
14.5340081
14.70542487
15.01808268
15.31611929
15.45876965
15.91480424
16.23974844
16.41183168
16.76352696
16.92370281
17.17270093
17.47539166
17.73552058
18.05726198
18.27648471
18.5182195
18.84198058
19.33161167
19.7088966
20.01262912
20.02379411
20.33833289
20.78996279
21.03010214
21.25556481
21.55220646
21.87071672
22.32029636
22.73104754
22.80401367
23.162676
23.63011396
23.98491318
24.25560396
24.57155384
24.91904983
25.31800295
25.56874802
25.70035828
25.90302177
25.87757099
25.7578895
25.82878611
25.56968473
25.45953285
25.59639873
25.58557905
25.24727393
25.41329125
25.33683246
25.30633534
25.3990199
25.24138224
25.26942378
25.0508415
25.04989724
24.94336476
24.86461708
24.91751364
24.72602375
24.71839071
24.66066594
24.67661209
24.48509731
24.44531277
24.45762979
24.31297448
24.34278891
24.35500752
24.17571379
24.18944339
24.22912213
24.11782076
24.25920975
24.25065478
24.1004939
24.15644668
24.22679735
24.20317657
24.29600348
24.33679512
24.47733779
24.56048274
24.59945242
24.65889887
24.62247032
24.75401102
24.69744173
24.73981405
24.58700039
24.79781517
24.86930249
25.01529125
25.10648385
25.167397
25.20292984
25.37840164
25.33936625
25.36620429
25.55875189
25.5227139
25.50246872
25.53888681
25.77298112
25.8506463
25.91528809
25.96163372
26.02749935
26.09390491
25.95073767
26.14810735
26.15673664
26.04613052
26.20154074
26.28318774
26.28172707
26.5596405
26.39391897
26.47080911
26.47027922
26.5308166
26.39223152
26.63992999
26.57875674
26.5956324
26.7806103
26.72034588
26.68306729
26.80723356
26.80768525
27.09196221
27.30169153
27.394173
27.56802765
27.73517424
28.00394069
28.22911765
28.40665347
28.67069451
28.81478658
29.03889436
29.05719311
29.07861348
29.234605
29.38260369
29.44325132
29.71274876
29.88798535
30.01490617
30.17152669
30.16776496
30.40044005
30.46762556
30.71916682
30.8741738
31.08259488
31.25143777
31.46683839
31.6884541
31.83663083
31.97355574
32.1633058
32.26085956
32.35041031
32.50997018
32.68364966
32.80461712
32.95779967
32.97170987
33.03668633
32.93700638
32.91377618
32.81138999
32.64702565
32.4999104
32.23469055
32.14815345
31.83433217
31.53175081
31.23266774
30.98935796
30.80650548
30.58693939
30.28514192
29.94857309
29.59563132
29.17046379
28.95077588
28.48895482
28.21924733
28.13014419
27.6158001
27.24327466
26.93673824
26.56576071
26.30459104
25.98437633
25.67580843
25.40254243
24.99341952
24.60509615
24.15874214
23.83597818
23.32724874
23.05981079
22.74038507
22.08825818
21.68231204
21.38629606
20.85744436
20.50568107
19.97768537
19.49071689
19.15291104
18.83916762
18.20786947
17.82595612
17.45987853
17.07816585
16.73409615
16.33707141
15.95728493
15.67979641
15.41888392
14.96686711
14.54062457
14.11827668
13.72902832
13.49035848
13.06215169
12.78007404
12.6073995
12.34857686
12.17616198
12.02000089
11.83365396
11.67052085
11.57908957
11.51801253
11.44229028
11.43527879
11.41036893
11.465569
11.39399924
11.47296864
11.46898404
11.51371305
11.47718225
11.59721052
11.57338682
11.58131553
11.51867511
11.5953771
11.44266776
11.41849921
11.16357165
11.12249334
11.12306896
10.9831744
10.96725392
10.6839949
10.73731215
10.87661485
10.76244267
10.75840082
10.93085491
10.92755458
10.7901079
10.79054543
10.97563551
11.12469117
11.13713448
11.05154736
11.19798906
11.20390384
11.22042361
11.20208117
11.13778503
11.18395901
11.36345138
11.45358403
11.54086311
11.54326626
11.41569472
11.63921294
11.52911133
11.66789473
11.70530073
11.80881224
11.88460694
11.94557054
12.01906741
12.19276111
12.22676634
12.50658416
12.62284828
12.74174688
12.83030293
12.99582858
13.05627987
13.13182274
13.16741329
13.15777488
13.08701706
12.96868737
12.81880207
12.63034114
12.36320586
12.25612272
12.09753134
11.95234232
11.77387706
11.69078636
11.50929801
11.3217621
11.19525729
11.04239167
10.76561794
10.54783648
10.39767021
10.25485625
10.07743934
10.00095706
9.859204759
9.704363014
9.5154991
9.425838944
9.216582204
9.000346634
8.782834786
8.68737886
8.50036081
8.343301169
7.966792535
7.918660171
7.699621036
7.467157294
7.296608792
7.176018301
6.992031168
6.838675296
6.725210651
6.519998063
6.470635761
6.249737576
6.027584085
5.921456734
5.810596542
5.506867724
5.469243176
5.298987546
5.156627399
4.945866768
4.92139194
4.662925921
4.582717086
4.319997313
4.219454429
3.95315541
3.571202267
3.443578482
3.183361954
3.018314779
2.700893227
2.547542211
2.345758548
2.090348255
1.890910997
1.811118079
1.609842993
1.57445022
1.479492579
1.377549709
1.103686898
0.975331714
0.899945364
0.655037121
0.476660246
0.32158522
0.103132616
0.063642024
-0.201855779
-0.248339179
-0.350846263
-0.565118315
-0.603540883
-0.840074764
-1.195486964
-1.211716298
-1.372530819
-1.350115212
-1.629102602
-1.779701207
-1.851146766
-2.045082413
-2.261164637
-2.482393302
-2.416570814
-2.510016914
-2.689943698
-2.781265174
-2.778462041
-2.83349237
-2.958281872
-3.130621442
-3.253356619
-3.267746492
-3.234363832
-3.37001093
-3.524118666
-3.618660292
-3.456348703
-3.592527996
-3.76006453
-3.916045027
-3.779881638
-3.948748295
-3.925460816
-3.967619504
-4.070002345
-4.396489129
-4.592650862
-4.541277154
-4.60312132
-4.517716745
-4.584334488
-4.43686636
-4.49051265
-4.385075667
-4.278216753
-4.159313223
-4.013479233
-4.01159611
-4.018861496
-4.020902215
-4.004451116
-4.132987324
-4.106013718
-4.170222906
-4.39662226
-4.454729625
-4.553194566
-4.636045767
-4.577986142
-4.658991291
-4.792101073
-4.831523885
-4.833084487
-4.789492095
-4.862352652
-4.790778571
-4.783064853
-4.769425022
-4.687068582
-4.754859225
-4.74575467
-4.933628726
-4.980564515
-5.079028088
-5.113313035
-5.179813026
-5.203110239
-5.234557996
-5.528133182
-5.68650493
-5.779838116
-5.87037282
-6.067058321
-6.207005531
-6.225859359
-6.586832771
-6.532259007
-6.542515197
-6.614439437
-6.637313433
-6.615245737
-6.593797844
-6.639004639
-6.734476269
-6.767041583
-6.842316276
-6.894659925
-6.977203031
-6.989792414
-7.070823346
-7.118871747
-7.301548296
-7.389784084
-7.388953569
-7.557412853
-7.669298828
-7.630315911
-7.759355127
-7.8785803
-7.919721184
-7.976578276
-8.060058805
-8.130270124
-8.218046407
-8.218238062
-8.32696557
-8.385709869
-8.386792234
-8.481174628
-8.398906664
-8.418942882
-8.355925481
-8.450539147
-8.337593248
-8.282314589
-8.282665989
-8.301708542
-8.22843514
-8.191602628
-8.120671501
-7.864013516
-7.6973993
-7.706523122
-7.668843598
-7.578047683
-7.666828543
-7.581213112
-7.642621614
-7.84096863
-7.757382865
-7.994188143
-7.918285615
-7.999711441
-8.235702856
-7.775975352
-8.140648616
-8.296510557
-8.443833624
-7.784781311
-8.051443604
-7.944308473
-8.046629323
-7.871040375
-7.652844262
-7.768637628
-7.472420925
-7.667700693
-7.280227711
-7.247117784
-7.125212806
-6.965001718
-6.981070193
-6.746760496
-6.643780782
-6.51899238
-6.432495517
-6.278948833
-5.986430011
-5.801494065
-5.386768214
-5.142807656
-4.832779017
-4.602637027
-4.318176332
-4.158229468
-3.763787044
-3.484369031
-3.186315612
-2.907734014
-2.596373755
-2.415941389
-2.223664954
-2.08161496
-1.868027961
-1.788310034
-1.787515612
-1.718458855
-1.649321863
-1.571318063
-1.429301146
-1.375201834
-1.276435902
-1.216419089
-1.063370865
-0.937801161
-0.759280405
-0.704404805
-0.584896571
-0.464261285
-0.389890883
-0.413198306
-0.290174074
-0.24894394
-0.177518361
-0.070016429
-0.094099937
0.030288366
0.005304519
0.071698332
0.113617754
0.12625309
0.241442448
0.256468194
0.31391192
0.389336781
0.4235546
0.475307291
0.520987079
0.334145767
0.438668844
0.537521011
0.484819653
0.583042716
0.70187441
0.766301992
0.748167073
0.749524951
0.957077674
1.162923498
1.215868928
1.430569633
1.556128723
1.759632358
1.809180849
2.037699386
2.021097842
2.051680986
2.106907707
2.05518507
2.1128025
2.075878963
1.965797694
1.926718642
1.900386627
1.866578371
1.604014359
1.478752136
1.398497634
1.239291729
1.253547675
1.140093232
1.108630656
1.11716199
1.231654208
1.294145064
1.252999492
1.134470701
1.172827775
1.25674379
1.179672174
1.365522036
1.456062987
1.638530493
1.737476814
1.881344964
2.021606334
2.210042503
2.249960286
2.395368565
2.520603253
2.630316984
2.785953696
2.897531052
2.957649965
3.12292669
3.29596689
3.37319208
3.662956222
3.897024701
4.008283518
4.194921562
4.80574974
5.109030588
5.392207523
5.648242205
5.926765687
6.251929753
6.516998361
6.727266717
7.038333613
7.278281616
7.515282176
7.797680849
8.193095221
8.407804147
8.797159229
9.133267483
9.471698849
9.765856149
10.10189242
10.43012261
10.74201536
11.11376921
11.46575349
11.80233483
12.0948997
12.45720762
12.89208889
13.27355224
13.63658646
14.05687708
14.46177015
14.89734167
15.32782199
15.78348576
16.2631115
16.63531077
16.99037503
17.42254321
17.76843584
18.11474783
18.43741756
18.74690579
19.09828212
19.3306099
19.88847822
20.36838573
20.7629549
21.09148839
21.40711099
21.6838719
21.83013519
22.15693884
22.27853024
22.48790318
22.57043391
22.65297204
22.69192298
22.75446062
22.7482031
22.59425084
22.71504072
22.65726739
22.6258322
22.46398665
22.50339397
22.5627333
22.65483663
22.67256928
22.76001781
22.85408405
22.73745662
22.71910972
22.52858363
22.45620687
22.52785855
22.30777482
22.36682267
22.56033099
22.40843651
22.44744956
22.57236547
22.52278906
22.73052539
22.70105478
22.80484629
22.97489395
22.80887432
23.20690703
23.36121943
23.62837404
23.58957419
23.69910819
24.00743298
24.19981897
24.23177458
24.40470517
24.67814695
24.85918923
25.07789991
25.15440837
25.14816655
25.17885847
25.5325682
25.59798071
25.28032717
24.7077236
24.61047052
25.39600589
25.84488156
25.41922777
25.20977503
25.36119799
24.91285811
24.82381066
24.68671813
24.63773504
24.50062716
24.692321
24.67077036
24.30060801
24.21695727
24.46105176
24.19702448
24.2619195
24.43307831
24.17853007
24.21226501
24.2976167
24.47435428
24.25028887
24.19328059
24.7261245
24.80703098
24.58043398
24.65070534
24.93927997
25.17415591
25.342407
25.66251273
25.971195
26.13270665
26.29802916
26.58193323
26.79614854
27.02335464
27.18631507
27.52811486
27.76920383
27.99673884
28.11403814
28.18951114
28.09442063
28.59081151
28.78243174
28.82807556
29.18901859
29.55466065
29.4714782
29.60167279
29.83321721
30.23906697
30.27325391
30.39032494
30.76527356
30.74220726
30.97557552
31.01240416
31.25456893
31.3800702
31.53056545
31.59640291
31.73886877
31.88593444
32.07365073
32.18898804
32.33116502
32.42917823
32.6430953
32.79403708
32.91073119
33.12067667
33.21552744
33.22952215
33.25870673
33.1846079
33.0990061
32.96316094
32.86867795
32.78858889
32.66490621
32.54784523
32.34263848
32.23022987
32.02561838
31.96604518
31.84839884
31.74055055
31.75994464
31.77286024
31.7911607
31.74121273
31.72846048
31.79669978
31.69382645
31.58658323
31.51914431
31.53169376
31.52831603
31.45071857
31.43240088
31.45115467
31.26070983
31.18071227
31.15341485
30.88636027
30.72348981
30.6370884
30.52478735
30.37867029
30.10951198
29.97649212
29.87710114
29.71547563
29.53124391
29.32016614
29.34532669
29.16348843
29.15174242
28.97946673
28.85571458
28.86022674
28.46117124
28.50694601
28.38456923
28.05752307
28.23319897
28.05615874
27.92536201
27.82280844
27.49784442
27.38380996
27.22375673
26.95114108
26.53466211
26.28832943
26.26921306
25.98809867
25.89286842
25.82909042
25.66728698
25.49102856
25.33727466
25.0266141
24.79356127
24.75360028
24.48250852
24.40447633
24.3219333
24.11945916
23.9390018
23.7883854
23.56086776
23.36153115
23.02664606
22.89403447
22.67121375
22.61025738
22.30391707
22.09251247
21.92979791
21.78306652
21.55986997
21.54219221
21.29948044
21.14303704
21.03328475
20.83582787
20.682744
20.48679463
20.17438166
20.0439712
19.93786067
19.60925311
19.50528153
19.0711647
18.94006617
18.76886186
18.55603587
18.43564112
18.23996701
18.1530964
18.03186017
18.04257479
17.86281481
17.6668438
17.56620997
17.41857404
17.43461879
17.28281273
17.32724146
17.3634107
17.35336219
17.44771244
17.29307785
17.355444
17.37620361
17.34354923
17.41800826
17.47754572
17.60778991
17.65515678
17.739691
17.77941209
17.78007243
17.72275124
17.65359765
17.48571609
17.44670443
17.30387141
17.19859789
16.94970078
16.70752146
16.5100359
16.36281529
16.20768639
15.99407465
15.74686581
15.74866185
15.53941724
15.26305429
15.04831774
14.85331629
14.53578744
14.26737486
13.94927921
13.71183903
13.47193045
13.21061623
12.87284998
12.63795774
12.37788448
12.06728108
11.74751189
11.43558375
11.2059016
10.94526502
10.59961618
10.21820514
9.99044715
9.627278067
9.32642373
8.841757836
8.541927303
8.126846411
7.801452406
7.489625171
7.272380526
7.067044328
6.758959699
6.674126619
6.425485818
6.143563269
5.993791551
5.551882913
5.37829812
4.972135096
4.776088698
4.622109201
4.358468602
4.180845147
3.898339485
3.675688523
3.399545259
3.303768633
2.942704444
2.892851559
2.630147616
2.566979816
2.429579689
2.335394517
2.254821002
2.162582529
1.948118237
1.936291279
1.875533372
1.734111683
1.595066225
1.485820178
1.502437335
1.488372267
1.50506249
1.468459479
1.408557585
1.609978971
1.589829729
1.516320899
1.676950793
1.679705152
1.766259854
1.741685881
1.888455075
2.001875311
2.017282652
2.01331082
2.110620651
2.099651626
2.121733023
2.181769271
2.152723972
2.167117391
2.285221053
2.241174921
2.256208243
2.114510022
2.071226644
2.050009
1.917750042
1.894348596
1.973720748
2.102423445
2.010739669
2.03546705
2.01388822
1.983237829
2.022416135
2.062737008
2.198294896
2.148470373
2.072623533
2.05329268
1.915513833
1.863499335
1.747200711
1.711321395
1.75179766
1.784862544
1.883622752
1.864458014
1.978282813
1.983873892
2.055161203
2.120312078
2.227722071
2.296996601
2.433379539
2.446991783
2.426029052
2.478061181
2.507966464
2.504165844
2.471617582
2.331352782
2.076921065
1.776348387
1.586569202
1.364806239
1.122502824
0.983339232
0.74653033
0.529553351
0.396643336
0.23878997
-0.103456201
-0.188806246
-0.335973577
-0.563299771
-0.714516691
-0.856313881
-1.116916047
-1.295777377
-1.416015482
-1.635529618
-1.846599821
-2.039797845
-2.123447756
-2.302250091
-2.540480294
-2.691650449
-2.922371875
-3.107015899
-3.435731557
-3.543866064
-3.967792979
-4.217379829
-4.464252001
-4.708035672
-4.869398345
-5.069895287
-5.268329068
-5.83864175
-5.762626702
-5.791564378
-6.005220973
-6.116128589
-6.237992144
-6.335740961
-6.39340619
-6.585572658
-6.646432464
-6.815228266
-6.774024813
-6.969774583
-7.124069232
-7.065463117
-7.252174708
-7.308514178
-7.534217727
-7.498019282
-7.630650393
-7.684875838
-7.769753175
-7.84421425
-7.72644379
-7.866874392
-7.781538357
-7.795114826
-7.773300419
-7.875308623
-8.019262829
-8.025192653
-7.98619716
-8.107698086
-8.157028848
-8.238138015
-8.294012957
-8.193773745
-8.424972077
-8.416440531
-8.372528372
-8.293121081
-8.37859622
-8.374105015
-8.40231909
-8.464152266
-8.649961817
-8.5613945
-8.739485743
-8.850713103
-8.576490198
-8.597156611
-8.66610614
-8.684831403
-8.657097668
-8.661417736
-8.730000454
-8.615217027
-8.715318641
-8.689984405
-8.564484783
-8.508548531
-8.504958826
-8.400740666
-8.314355966
-8.058745208
-7.916263701
-7.914264675
-7.731067723
-7.49899758
-7.331265436
-7.089593027
-6.981138051
-6.67615484
-6.596238847
-6.232456468
-6.05431535
-5.860663866
-5.471445952
-5.129658191
-5.025963867
-4.692281815
-4.330197447
-4.068926057
-3.792153448
-3.485931093
-3.206148903
-2.980352727
-2.831393183
-2.60703739
-2.455836639
-2.449768493
-2.609954442
-2.658733929
-2.664901387
-2.694150041
-2.640841703
-2.665991434
-2.606182293
-2.570693645
-2.67081273
-2.702651143
-2.698007433
-2.86553351
-2.964999123
-2.895277863
-3.085481635
-3.063339049
-3.118272339
-3.243687192
-3.273232155
-3.309558483
-3.367065352
-3.34515779
-3.349470411
-3.398193468
-3.374508721
-3.45362422
-3.315921799
-3.372084702
-3.388148814
-3.517346102
-3.569077242
-3.689637164
-3.628159402
-3.730308617
-3.705237502
-3.778983245
-3.81077254
-3.841743173
-3.845138739
-3.892284612
-3.861811972
-3.825369073
-3.873698675
-3.894429317
-3.917184648
-3.957906451
-4.088859842
-4.007291471
-4.023026477
-4.055419356
-4.155116802
-4.019767673
-4.203141008
-4.261720698
-4.258428934
-4.358654453
-4.347846219
-4.342126551
-4.335965261
-4.425042814
-4.462456468
-4.439802848
-4.425626655
-4.321565759
-4.415834948
-4.311912009
-4.298733791
-4.314975612
-4.302473805
-4.349379241
-4.400927616
-4.318973836
-4.333481091
-4.327321378
-4.2587456
-4.152452246
-4.175402963
-4.047264167
-4.006050555
-3.917292464
-3.750918729
-3.50704784
-3.30955079
-3.111367449
-2.717265659
-2.495827473
-2.177823844
-1.892484808
-1.511135582
-1.122129625
-0.700866818
-0.258090972
0.068003902
0.452475946
0.905857609
1.166676034
1.481696637
1.891098265
2.350256304
2.749587565
3.047540842
3.397398702
3.69312811
3.974008883
4.304543637
4.690880002
4.887110745
5.277868067
5.586214412
5.94466489
6.395072237
6.767582111
6.950512764
7.168828235
7.467843366
7.72556673
7.951355022
8.12339829
8.369357093
8.531736737
8.829775993
9.120333418
9.469409739
9.783411234
10.17656779
10.55231664
10.91576965
11.16459579
11.35928752
11.6112026
11.81977284
11.96427825
12.24181059
12.43541843
12.54857852
12.66195064
12.76424983
12.81241562
12.82129848
13.01568911
13.07926463
13.22595459
13.28923838
13.44740876
13.50697211
13.59907953
13.74809242
13.88490368
14.09507527
14.24166122
14.37982593
14.59492989
14.87927134
15.07201891
15.22124836
15.38039452
15.54678355
15.53970986
15.45832194
15.47302853
15.46454585
15.44943321
15.30523837
15.36214275
15.39189039
15.41330003
15.49945973
15.59676455
15.7896699
15.94046158
16.12768125
16.16485779
16.27279558
16.54765525
16.55351964
16.78739333
16.71047088
16.81379535
16.86746983
16.95686546
17.18160078
17.12903932
17.2754082
17.3407616
17.38055069
17.35742475
17.38927812
17.46227901
17.494097
17.58464714
17.55644654
17.53748569
17.41332161
17.39681072
17.31974243
17.33836698
17.35360693
17.35153333
17.42245764
17.31542289
17.27206399
17.287906
17.36840336
17.31448022
17.34141938
17.39837546
17.510656
17.44114447
17.36636297
17.53070084
17.65695648
17.40973609
17.49731606
17.36697313
17.53643214
17.56673467
17.65231543
17.66569206
17.66435426
17.91712437
18.15004779
18.29140269
18.54295432
18.62466838
18.75983552
18.90445177
19.06457778
19.32181708
19.47151123
19.65297138
19.71779616
19.95894605
20.26892745
20.43305927
20.66501233
20.90550678
21.29992082
21.25678294
21.44744373
21.6618435
22.04326818
22.14654397
22.42370943
22.55384591
22.92587652
23.16862007
23.53050638
23.80055278
24.00884189
24.19777408
24.57325536
24.76159274
25.10099628
25.15561743
25.41054515
25.58310942
25.74985338
25.82997507
26.0198245
26.26092995
26.48587267
26.72153684
26.88661617
27.16185551
27.41040069
27.55631654
27.68907257
27.97776714
28.12490193
28.21853116
28.36868375
28.39236118
28.42888965
28.51106437
28.53912546
28.51402017
28.47053985
28.39418065
28.37959626
28.29795422
28.33559114
28.30005947
28.31786095
28.31569365
28.13137235
28.08848017
27.87822262
27.74472458
27.55986496
27.53764205
27.41407578
27.35674003
27.29953156
27.0594754
26.94879705
26.84106178
26.57351132
26.57783488
26.14417108
26.13967937
25.9314149
25.676607
25.51241245
25.39338337
25.42334219
25.23208267
25.06766942
24.6410787
24.59306123
24.64842027
24.4375713
24.30265216
24.17701765
24.02874092
23.79782827
23.63734403
23.59723957
23.37622777
23.37554397
23.24608824
23.2048876
23.0308803
22.75503347
22.77761291
22.55693279
22.36119224
22.39503228
22.2883431
22.16243741
22.19348289
22.22988194
22.22733956
22.07416189
22.05905111
22.19090812
22.1208866
22.20855972
22.36254153
22.59801788
22.71173205
22.71798793
22.88995666
23.00737172
23.04632929
23.00155635
22.98784668
22.8647164
22.87811015
22.85738384
22.49675872
22.3878767
22.2091403
22.05442791
21.98250793
21.96747925
21.72618441
21.56321501
21.41127628
21.27007816
21.19797147
21.04860837
20.58933118
20.61418434
20.57904058
20.52984744
20.68911217
20.67965687
20.75995094
20.72367684
20.68822164
20.5669367
20.45976876
20.38533065
20.21130146
20.0998644
20.11335274
20.21134756
20.19564939
20.23953983
20.36544109
20.46887607
20.44857547
20.71919171
20.82712401
20.96677571
21.02045203
21.00567275
21.11046775
21.19109719
21.34117437
21.49256035
21.76713032
21.97000919
22.09924723
22.23347447
22.49294617
22.77358416
22.904706
23.02038626
23.00731733
23.12837194
23.00910531
22.92797523
22.95681268
22.69638996
22.56811692
22.41465558
22.14708979
21.97803709
21.74353378
21.55614463
21.20615306
20.91895164
20.74196583
20.36327416
19.95055617
19.71657317
19.39322695
18.89743584
18.64999071
18.13662825
17.72581276
17.52004474
17.1799634
16.96078531
16.79962757
16.61578288
16.49781668
16.15586026
15.96453061
15.68219162
15.52265573
15.32358973
15.17804944
14.84560615
14.65670697
14.43138483
14.16302505
13.94897089
13.69775576
13.52251678
13.44002503
13.17360052
12.97658689
12.70542796
12.64093117
12.27235762
12.07520229
11.90154674
11.69651666
11.50175382
11.2206725
11.0651909
10.78380119
10.42664773
10.29847374
10.01043004
9.68349983
9.390314251
9.00453192
8.8337731
8.525385327
8.393078153
8.119431873
7.93942778
7.74260767
7.696407213
7.641229287
7.401756142
7.336782714
7.322872709
7.221056914
7.028509876
6.884725229
6.816864756
6.596182471
6.614178562
6.445933302
6.429459324
6.297029734
6.35718461
6.159554064
6.104902375
5.966602806
5.670222508
5.642573699
5.603105944
5.431607483
5.343298507
5.487359494
5.524472112
5.375352554
5.32424129
5.368795242
5.247644535
5.368864975
5.425514557
5.196812003
5.35152381
5.235106692
5.348300354
5.57114994
5.509308099
5.500324885
5.519053778
5.537361681
5.616570497
5.53321732
5.453997359
5.343530157
5.240412257
5.209972523
5.08204343
4.84503386
4.653478638
4.552989876
4.397278298
4.391029436
4.246850831
4.256005613
4.179163341
4.041038983
4.088395701
4.096408418
4.1201565
4.075100781
3.979191246
4.086851344
3.955560581
3.855648055
3.693068739
3.699292194
3.51782355
3.324751998
3.210866868
3.268361329
3.013957871
2.772754395
2.70416659
2.472410802
2.322951933
2.153304522
1.989051989
1.837900912
1.721088416
1.542535786
1.189888622
0.814088863
0.596872834
0.369283201
0.004766073
-0.186262837
-0.465327147
-0.815230535
-1.02765223
-1.317015767
-1.568798928
-1.992585189
-2.239830053
-2.384260617
-2.571210858
-2.831271565
-3.083693648
-3.396314363
-3.423716762
-3.74117324
-3.950680927
-4.246061504
-4.333298279
-4.446863638
-4.839251164
-4.980443652
-5.079230192
-5.528915617
-5.531522486
-5.739345689
-5.853584112
-5.929763618
-6.076397786
-6.092841602
-6.335064447
-6.5103106
-6.76489159
-7.004907911
-7.250579915
-7.398009796
-7.616138251
-7.825108723
-7.891795193
-8.171623092
-8.402523515
-8.452562569
-8.669899114
-8.728755856
-8.859432837
-8.936781602
-8.860551925
-8.937787669
-8.789636393
-8.829721741
-8.800894604
-8.769708593
-8.805047939
-8.691955586
-8.683209615
-8.678551043
-8.657724736
-8.776076862
-8.710061966
-8.832134259
-8.756623368
-8.894284618
-9.012118526
-8.97907718
-9.065320967
-9.254535293
-9.083867002
-9.10349804
-9.218192444
-9.029074316
-8.911577453
-8.974678236
-8.849660604
-8.660215827
-8.368557555
-8.266684286
-8.034776858
-7.887639588
-7.799594828
-7.678814957
-7.634459003
-7.499412935
-7.757694949
-7.434343837
-7.247473354
-7.143880821
-7.068042934
-6.795214488
-6.706512462
-6.586728898
-6.51477753
-6.407633288
-6.230306817
-6.104400275
-5.889146764
-5.730150943
-5.270527203
-5.110797416
-4.739382253
-4.351231887
-4.00125827
-3.705191177
-3.304711789
-3.125176816
-2.877964697
-2.656676435
-2.539326509
-2.504140992
-2.486032201
-2.394245806
-2.438644277
-2.490785852
-2.526978454
-2.603956571
-2.588792014
-2.578834964
-2.671454083
-2.572104289
-2.548137346
-2.492968609
-2.424430408
-2.471472803
-2.484042126
-2.471673413
-2.582034369
-2.615605119
-2.632458948
-2.70072717
-2.6558972
-2.860403819
-3.032404608
-3.215487327
-3.229699278
-3.333508261
-3.308648315
-3.457202116
-3.36110442
-3.437545403
-3.513454682
-3.667344112
-3.714691019
-3.789776072
-3.826184426
-3.908078788
-3.831416267
-4.076976427
-4.155387879
-4.289432815
-4.302505172
-4.337327337
-4.310260854
-4.333246081
-4.537059266
-4.450496601
-4.645725066
-4.615255705
-4.582989885
-4.596767102
-4.546716039
-4.469287973
-4.277074423
-4.348455105
-4.311209826
-4.34183683
-4.17819019
-4.134519175
-4.076564863
-4.001765669
-3.941554916
-3.826040633
-3.798884988
-3.794986846
-3.716727595
-3.888896572
-4.113064964
-4.214987833
-4.186661235
-4.318335976
-3.821765963
-3.690225853
-3.641646607
-3.552270008
-3.458540555
-3.408168664
-3.43695349
-3.406362231
-3.2789638
-3.264165962
-3.316543742
-3.292117252
-3.34967143
-3.312596107
-3.162175152
-3.046261774
-2.949215111
-2.818380719
-2.563563821
-2.510998321
-2.311971541
-2.078227636
-1.9285184
-1.524165623
-1.148661292
-0.684850099
-0.318633441
0.069874455
0.409466341
0.821461506
1.274831844
1.843471757
2.332053294
3.027280841
3.5907212
3.966169902
4.144645703
4.119101372
4.244330613
4.257164456
4.4229315
4.543232
4.748655261
4.870188559
5.133231955
5.283958945
5.488340374
5.625672059
5.757329729
5.888414143
6.015603808
6.056782869
6.013042473
6.276784118
6.10500226
6.254546782
6.365436048
6.422601362
6.469174667
6.444871746
6.500747076
6.589245253
6.682449706
6.877663631
7.069220079
7.359415747
7.459812164
7.734786979
7.890084193
8.145882085
8.462881712
8.663151316
8.894019905
9.14618545
9.349002586
9.532338432
9.646105904
9.706794896
9.693824107
9.710408206
9.733649547
9.798194062
9.8677845
9.874828845
9.898152676
9.962538699
9.894944807
9.930628157
9.961116706
9.894457186
9.988573246
9.958301752
10.21717434
10.43707466
10.52162316
10.69728329
10.92124543
10.97495597
11.13980723
11.25511476
11.26630382
11.24678552
11.32867621
11.30924278
11.38574147
11.35910194
11.46190563
11.6439235
11.84393639
11.90251171
11.80410308
12.19129502
12.49517387
12.73548955
12.88189729
13.12161029
13.03217413
13.04531206
13.0915255
13.21936806
13.43156586
13.52983664
13.43840249
13.64768654
13.8700156
13.99433081
14.10540169
14.18643962
14.44148608
14.53913425
14.54640623
14.52980803
14.28966978
14.20886173
14.14327014
14.00798843
13.89232656
13.71555863
13.51127088
13.215118
13.16486373
12.86616799
12.64525431
12.30287737
12.19775383
12.01734783
11.85543009
11.7741322
11.56850725
11.41438094
11.24729889
11.1791368
10.89383271
9.813044335
9.854481015
9.457130111
9.171054622
8.949215534
8.773862068
8.584745777
8.25959825
8.216448071
8.18506076
8.016581664
7.807936167
7.62302905
7.370228736
6.950399116
6.547079498
6.474960952
6.318084585
6.265180222
6.165419432
6.037350764
5.858011722
5.77947476
6.126700896
5.98162133
5.844125274
5.870787431
5.787219777
5.559542909
5.474963686
5.398230002
5.422286884
5.445566773
5.436697115
5.525477543
5.569691937
5.621984274
5.779033002
6.037304137
6.435265094
6.844194155
7.256457985
7.750749878
8.316349939
8.888324913
9.468057511
9.958864025
10.38328089
10.95171199
11.51807251
11.90459783
12.19117588
12.51092453
12.78034056
13.319886
13.52299269
13.80708164
13.97906992
14.14039901
14.27438749
14.47376943
14.67080153
14.83311977
14.94955169
15.11103446
15.16312913
15.2946093
15.29511719
15.3195619
15.34930427
15.41728425
15.48832614
15.52263849
15.17678273
15.03253547
15.03331307
15.03523133
14.68300391
14.65517187
14.76833573
14.73791907
14.50490946
14.28413488
14.17407972
14.41020568
14.42758502
14.2186959
14.05093159
14.02018467
14.00155594
14.1681681
14.1820334
13.91100203
13.869227
13.79075736
13.70157473
13.84721975
13.74837155
13.62237322
13.41179216
13.17999
13.11228198
12.95814041
12.72222393
12.50849292
12.39309743
12.18178796
11.98973895
11.80091742
11.59698408
11.53187979
11.34947848
11.08441814
10.93899064
10.85704328
10.6644075
10.56136556
10.47389548
10.33676707
10.17926506
10.107066
10.01683042
9.874437869
9.797904798
9.661741992
9.508841197
9.40857845
9.32884715
9.306944959
9.251672854
9.126164918
9.063781885
8.990892335
9.02323274
8.945348816
8.81112002
8.76240137
8.774380461
8.753474258
8.631961859
8.478402135
8.395689517
8.37297298
8.29246266
8.139929734
8.00315267
7.911355569
7.864750205
7.802436292
7.721796761
7.701383438
7.663658637
7.629801358
7.626025727
7.602277204
7.556287943
7.525122171
7.468618185
7.41252282
7.374229077
7.315298182
7.271888197
7.229633588
7.196136319
7.167251336
7.140737751
7.115088246
7.082730744
7.078658674
7.04971782
6.993800949
6.937276557
6.882097433
6.820422151
6.744166004
6.64170585
6.567887964
6.528878239
6.495188593
6.428268643
6.361911216
6.309346222
6.203368387
6.089451105
5.971269856
5.843509152
5.764051511
6.369342095
6.483511041
6.437675736
6.541597949
6.597880148
6.595470413
6.633998054
6.661373117
6.709351387
6.725843772
6.733619046
6.652725822
6.627365405
6.45675584
6.389795647
6.393947656
6.363955156
6.337236524
6.265236893
6.062313676
5.968242927
5.924590556
5.888223598
5.822736945
5.766161648
5.719667266
5.682567831
5.626718651
5.559247024
5.453409917
5.36605774
5.323123299
5.307267979
5.291812875
5.278409123
5.259258233
5.231057593
5.181105201
5.147128339
5.131749268
5.121323221
5.103498371
5.299732724
5.286757253
5.265679522
5.205255474
5.13852077
4.698781759
4.559846012
4.551463391
4.548709822
4.560664403
4.577127211
4.554450981
4.523821348
4.520832235
4.567256617
4.558400005
4.440838626
4.845192732
4.989744819
5.057164452
5.096100608
5.163223936
5.223485218
5.252117029
5.219188205
5.209418718
5.235293286
5.283145763
5.305175488
5.337957997
5.394919268
5.399963845
5.41312105
5.443682879
5.47259275
5.463380167
5.473079331
5.489681545
5.526988995
5.558576315
5.552403217
5.593905045
5.614199113
5.611058059
5.645327623
5.733131358
5.79221529
5.762933216
5.277441341
5.250146849
5.34731665
5.45122428
5.590361985
5.6797636
5.665013207
5.619467996
5.631536759
5.798324766
5.961384387
6.008229973
5.984756649
5.942915323
5.951624358
6.033813515
5.901400032
5.909353516
5.875456777
6.147001657
6.118725811
5.772302531
5.798402747
5.878786535
5.960357349
6.301204331
6.316241655
6.284086037
6.271369971
6.237527011
6.546079782
6.571905624
6.469212967
6.468476315
6.490442309
6.5098889
6.513510048
6.499023523
6.478371797
6.448993335
6.37044418
6.311396853
6.257092977
6.205495883
6.161419248
6.08288612
6.03335365
5.588142263
5.433949738
5.420562425
5.400304215
5.362423088
5.318103128
5.282496382
5.240189015
5.220141575
5.185614206
5.16843354
5.132260467
5.11302989
5.086654413
5.027591812
4.97269921
4.915596326
4.864396087
4.820917435
4.782230328
4.740358999
4.74218848
4.744815487
4.722052338
4.682439388
4.633760317
4.604123959
4.574422605
4.547742086
4.548765308
4.576267183
4.603388044
4.61223469
4.588143184
4.559837322
4.542223081
4.528346378
4.509914599
4.488805438
4.482739551
4.486069391
4.458894979
4.432207415
4.409533034
4.376985452
4.353993427
4.329536791
4.299224168
4.254619379
4.222171068
4.191814097
4.160617704
4.137866027
4.117285303
4.105743959
4.098201889
4.091765047
4.536030652
4.57894478
4.568776441
4.567283889
4.550504199
4.557619351
4.563314836
4.556763419
4.490136836
4.45616889
4.456635343
4.462345118
4.471201304
4.477166381
4.47860497
4.484927029
4.494571399
4.50812979
4.525639994
4.550445867
4.518959619
4.530361535
4.546889601
4.553159316
4.565777005
4.574270962
4.585336843
4.590625565
4.597937032
4.612068848
4.629214725
4.643811103
4.65597723
4.658114076
4.67296524
4.674921135
4.687629419
4.690525481
4.702755539
4.729003032
4.753373303
4.764270544
4.772148413
4.780266764
4.776049326
4.761396207
4.750257626
4.751507164
4.769097653
4.69862897
4.668538889
4.679824972
4.677613375
4.694797972
4.718670138
4.74770054
4.762166248
4.761797133
4.771274715
4.792888198
4.813622321
4.830827469
4.835087518
4.84777318
4.859071682
4.865278484
4.879252924
4.906147592
4.920661688
4.938084446
4.953158612
4.959918091
4.973685522
4.991848511
4.995940731
5.001592476
5.026389798
5.025809749
5.044390239
5.04734832
5.066819981
5.091949658
5.105088271
5.119744744
5.124281832
5.137186392
5.157389782
5.167439836
5.200519493
5.226829721
5.260840059
5.275601235
5.307986674
5.337243692
5.378351697
5.417412446
5.456472634
5.48840694
5.525391959
5.562537366
5.598594868
5.633688699
5.665344818
5.709541153
5.735913642
5.757577611
5.773542703
5.778767977
5.797528764
5.819895174
5.829392384
5.841362123
5.840841225
5.839380207
5.837585354
5.845521163
5.850800248
5.85967425
5.876307329
5.891955949
5.911259334
5.937412128
5.950516729
5.964488183
5.97855723
5.988677213
5.99159168
5.999220691
5.994824454
5.99032795
5.987378056
5.973830497
5.986946123
5.975472523
5.962670711
5.957166
5.947734727
5.9336473
5.92673112
5.930133232
5.92947839
5.930884468
5.918882974
5.938656455
5.927079601
5.914591215
5.903205574
5.888559675
5.88393369
5.874256497
5.964411409
5.963461929
5.968863895
5.95647973
5.955116635
5.960368198
5.949855253
5.930310393
5.906008546
5.891802302
5.869837846
5.861646904
5.848162027
5.837780343
5.840472425
5.84854081
5.881867916
5.912689635
5.939470453
5.953633974
5.970956699
5.973056281
5.982656645
5.981080159
5.967021441
5.953048149
5.944121546
5.941557837
5.973470276
5.95958296
5.938861625
5.942495621
5.926696316
5.919984391
5.920405598
5.909491542
5.906054777
5.897335937
5.898203546
5.902799545
5.892404942
5.88407737
5.887988613
5.886566609
5.870841064
5.877573678
5.884815699
5.83653131
5.828853372
5.82777031
5.812660626
5.809534097
5.797249238
5.784266091
5.775761978
5.763604214
5.75373804
5.74830893
5.735697862
5.725906512
5.715591833
5.69318924
5.689940537
5.673782216
5.671170301
5.678333994
5.658363801
5.648347925
5.642194978
5.618023193
5.588971587
5.552157603
5.522580288
5.477608128
5.43611362
5.396203723
5.360900118
5.320625808
5.280659626
5.252632184
5.215430957
5.192181809
5.170048811
5.163794813
5.14958179
5.15922044
5.162539483
5.155700235
5.165430725
5.161720044
5.164577717
5.155351771
5.150470034
5.152190246
5.142740819
5.138234162
5.127583718
5.11991617
5.113063394
5.093046821
5.085532302
5.079259042
5.065641459
5.055035112
5.031038365
5.024775025
5.014673208
5.003348186
4.995224622
5.001656968
4.991281029
4.988631298
4.98645434
4.98958198
4.985044318
4.986688552
4.983452348
4.978817096
4.966267225
5.00439469
4.585477917
4.460231427
4.471599097
4.472584049
4.452824843
4.43574706
4.420028826
4.391516474
4.377016517
4.357326523
4.334189888
4.322359367
4.304261087
4.299290941
4.307761786
4.305995202
4.305426882
4.321865311
4.330972342
4.333772221
4.337057366
4.330273235
4.335086254
4.341917362
4.323383758
4.32198485
4.305460103
4.294379973
4.287575832
4.274236772
4.270594282
4.241955199
4.225796257
4.205777745
4.190354981
4.178766534
4.17180836
4.146108367
4.124280551
4.120169264
4.104094907
4.105210281
4.101695165
4.099583628
4.110025095
4.10672818
4.119145498
4.121707046
4.123439532
4.124780882
4.121224196
4.125840113
4.116606511
4.119039167
4.103800653
4.096369316
4.049458093
4.041510465
4.042727896
4.041409149
4.054663381
4.058060319
4.058625967
4.070134338
4.086453752
4.102683785
4.128032162
4.156246714
4.175963051
4.206787945
4.23025615
4.243668125
4.275384519
4.291400407
4.318947815
4.326913414
4.342431338
4.363994425
4.365259964
4.372311653
4.386223759
4.375970986
4.380947159
4.382987764
4.779136041
4.480817124
4.368599147
4.371394258
4.384853985
4.396218694
4.389781088
4.386131347
4.394339144
4.404467408
4.409145638
4.433342969
4.440051638
4.44770457
4.452506195
4.470163931
4.471297108
4.478705496
4.498492724
4.496648053
4.501984289
4.512138108
4.516956998
4.562315849
4.565955707
4.576004085
4.578135013
4.592152369
4.597593197
4.616752931
4.64249405
4.657637467
4.742935406
4.772887248
4.777095724
4.787363529
4.802547245
4.814144404
4.828109295
4.836468474
4.845228082
4.85505254
4.861909297
4.866127932
4.861758274
4.857022377
4.853733154
4.845257076
4.832210296
4.829837768
4.815197042
4.800445453
