Tracker Experiment Results 31-Oct-2014
LEFT_FOOT
	 Translation 			 Local Quaternion 				 Local EulerXYZ 			
 t	 x	 y	 z	 x	 y	 z	 w	 x	 y	 z	
0	218.4407	148.7182	91.8439	0.7112 	 -0.3633 	 0.5396 	 0.2666 	1.9138 	 0.6113 	 1.3820 	 
0.15	218.424	148.734	91.8439	0.7114 	 -0.3634 	 0.5394 	 0.2662 	1.9150 	 0.6114 	 1.3816 	 
0.16	218.4264	148.7044	91.8539	0.7112 	 -0.3634 	 0.5396 	 0.2665 	1.9142 	 0.6112 	 1.3820 	 
0.18	218.4115	148.7207	91.8554	0.7113 	 -0.3632 	 0.5395 	 0.2664 	1.9144 	 0.6114 	 1.3817 	 
0.19	218.4258	148.7073	91.8406	0.7113 	 -0.3632 	 0.5395 	 0.2665 	1.9143 	 0.6113 	 1.3817 	 
0.2	218.4298	148.7038	91.8348	0.7112 	 -0.3633 	 0.5397 	 0.2665 	1.9139 	 0.6113 	 1.3822 	 
0.22	218.4375	148.7282	91.8306	0.7113 	 -0.3634 	 0.5395 	 0.2665 	1.9143 	 0.6112 	 1.3819 	 
0.25	218.4289	148.7176	91.8446	0.7113 	 -0.3634 	 0.5395 	 0.2664 	1.9145 	 0.6112 	 1.3819 	 
0.3	218.4346	148.7189	91.841	0.7113 	 -0.3633 	 0.5395 	 0.2665 	1.9143 	 0.6113 	 1.3817 	 
0.31	218.4294	148.7094	91.8461	0.7112 	 -0.3633 	 0.5396 	 0.2665 	1.9140 	 0.6112 	 1.3822 	 
0.34	218.4301	148.6939	91.8567	0.7113 	 -0.3634 	 0.5395 	 0.2665 	1.9144 	 0.6111 	 1.3818 	 
0.35	218.4568	148.6992	91.8328	0.7112 	 -0.3633 	 0.5395 	 0.2668 	1.9137 	 0.6107 	 1.3818 	 
0.37	218.4446	148.6986	91.8546	0.7113 	 -0.3635 	 0.5394 	 0.2664 	1.9145 	 0.6110 	 1.3819 	 
0.39	218.447	148.7287	91.8636	0.7117 	 -0.3634 	 0.5392 	 0.2661 	1.9159 	 0.6114 	 1.3809 	 
0.41	218.4495	148.7062	91.8696	0.7114 	 -0.3634 	 0.5393 	 0.2665 	1.9148 	 0.6109 	 1.3814 	 
0.45	218.4586	148.7048	91.8711	0.7115 	 -0.3635 	 0.5392 	 0.2663 	1.9154 	 0.6109 	 1.3813 	 
0.46	218.4391	148.7169	91.878	0.7116 	 -0.3633 	 0.5393 	 0.2663 	1.9154 	 0.6113 	 1.3811 	 
0.48	218.4544	148.7011	91.862	0.7114 	 -0.3634 	 0.5392 	 0.2665 	1.9150 	 0.6108 	 1.3813 	 
0.49	218.4587	148.7206	91.8497	0.7115 	 -0.3634 	 0.5392 	 0.2664 	1.9153 	 0.6110 	 1.3811 	 
0.5	218.4689	148.7108	91.87	0.7115 	 -0.3635 	 0.5391 	 0.2664 	1.9156 	 0.6107 	 1.3811 	 
0.51	218.4551	148.6839	91.8722	0.7113 	 -0.3634 	 0.5394 	 0.2665 	1.9146 	 0.6109 	 1.3817 	 
0.52	218.4766	148.6854	91.8741	0.7114 	 -0.3635 	 0.5393 	 0.2664 	1.9149 	 0.6109 	 1.3816 	 
0.55	218.4536	148.6826	91.8791	0.7114 	 -0.3636 	 0.5392 	 0.2664 	1.9151 	 0.6107 	 1.3815 	 
0.58	218.4495	148.6935	91.8685	0.7113 	 -0.3635 	 0.5394 	 0.2665 	1.9147 	 0.6109 	 1.3817 	 
0.59	218.4804	148.7024	91.8844	0.7115 	 -0.3636 	 0.5391 	 0.2663 	1.9156 	 0.6107 	 1.3812 	 
0.6	218.4633	148.7212	91.8778	0.7116 	 -0.3635 	 0.5391 	 0.2662 	1.9159 	 0.6110 	 1.3810 	 
0.63	218.458	148.7119	91.8638	0.7115 	 -0.3634 	 0.5392 	 0.2664 	1.9152 	 0.6110 	 1.3812 	 
0.64	218.4495	148.6924	91.8829	0.7114 	 -0.3635 	 0.5392 	 0.2664 	1.9151 	 0.6108 	 1.3814 	 
0.67	218.4695	148.7029	91.8536	0.7115 	 -0.3635 	 0.5391 	 0.2665 	1.9152 	 0.6107 	 1.3811 	 
0.68	218.4704	148.7058	91.8726	0.7114 	 -0.3635 	 0.5392 	 0.2664 	1.9152 	 0.6108 	 1.3814 	 
0.69	218.4694	148.7048	91.872	0.7116 	 -0.3635 	 0.5391 	 0.2662 	1.9158 	 0.6110 	 1.3810 	 
0.71	218.4496	148.7088	91.866	0.7114 	 -0.3635 	 0.5393 	 0.2664 	1.9151 	 0.6110 	 1.3815 	 
0.72	218.4856	148.6846	91.8742	0.7112 	 -0.3636 	 0.5393 	 0.2666 	1.9145 	 0.6105 	 1.3819 	 
0.8	218.4491	148.7049	91.8757	0.7115 	 -0.3634 	 0.5392 	 0.2663 	1.9154 	 0.6111 	 1.3811 	 
0.81	218.4463	148.6853	91.8897	0.7114 	 -0.3635 	 0.5393 	 0.2664 	1.9151 	 0.6109 	 1.3816 	 
0.85	218.4585	148.6786	91.8712	0.7111 	 -0.3636 	 0.5395 	 0.2667 	1.9141 	 0.6106 	 1.3822 	 
0.88	218.47	148.7055	91.8776	0.7115 	 -0.3634 	 0.5393 	 0.2663 	1.9152 	 0.6112 	 1.3813 	 
0.89	218.4512	148.6794	91.8888	0.7115 	 -0.3634 	 0.5391 	 0.2664 	1.9154 	 0.6109 	 1.3811 	 
0.91	218.4458	148.6752	91.8643	0.7115 	 -0.3635 	 0.5392 	 0.2664 	1.9153 	 0.6108 	 1.3812 	 
0.92	218.4682	148.6937	91.8515	0.7114 	 -0.3634 	 0.5392 	 0.2665 	1.9149 	 0.6108 	 1.3813 	 
0.95	218.4715	148.6929	91.874	0.7114 	 -0.3634 	 0.5392 	 0.2666 	1.9148 	 0.6108 	 1.3812 	 
0.98	218.4776	148.6712	91.8487	0.7112 	 -0.3634 	 0.5394 	 0.2669 	1.9139 	 0.6104 	 1.3816 	 
0.99	218.4527	148.6749	91.8782	0.7114 	 -0.3634 	 0.5393 	 0.2666 	1.9147 	 0.6108 	 1.3813 	 
1	218.4528	148.7059	91.8794	0.7115 	 -0.3634 	 0.5392 	 0.2664 	1.9153 	 0.6110 	 1.3812 	 
1.03	218.4734	148.6875	91.8682	0.7114 	 -0.3634 	 0.5393 	 0.2665 	1.9149 	 0.6109 	 1.3813 	 
1.06	218.4506	148.6755	91.8761	0.7116 	 -0.3634 	 0.5391 	 0.2664 	1.9155 	 0.6110 	 1.3809 	 
1.08	218.4685	148.6906	91.8889	0.7116 	 -0.3636 	 0.5391 	 0.2662 	1.9159 	 0.6109 	 1.3812 	 
1.1	218.4763	148.6979	91.8749	0.7114 	 -0.3634 	 0.5393 	 0.2665 	1.9149 	 0.6109 	 1.3814 	 
1.12	218.4871	148.6973	91.8555	0.7114 	 -0.3634 	 0.5393 	 0.2664 	1.9148 	 0.6110 	 1.3815 	 
1.14	218.4655	148.6655	91.8842	0.7112 	 -0.3636 	 0.5393 	 0.2666 	1.9145 	 0.6105 	 1.3820 	 
1.15	218.469	148.6896	91.8777	0.7116 	 -0.3632 	 0.5392 	 0.2663 	1.9154 	 0.6113 	 1.3809 	 
1.17	218.4532	148.7119	91.8628	0.7114 	 -0.3633 	 0.5394 	 0.2663 	1.9150 	 0.6114 	 1.3815 	 
1.18	218.4514	148.6905	91.8686	0.7114 	 -0.3634 	 0.5392 	 0.2665 	1.9150 	 0.6108 	 1.3813 	 
1.21	218.452	148.6945	91.8693	0.7114 	 -0.3633 	 0.5394 	 0.2665 	1.9146 	 0.6111 	 1.3814 	 
1.25	218.4618	148.7263	91.8599	0.7115 	 -0.3633 	 0.5394 	 0.2663 	1.9149 	 0.6114 	 1.3814 	 
1.28	218.4384	148.7229	91.8764	0.7116 	 -0.3634 	 0.5392 	 0.2662 	1.9156 	 0.6114 	 1.3811 	 
1.3	218.4758	148.6904	91.8721	0.7113 	 -0.3634 	 0.5394 	 0.2667 	1.9143 	 0.6108 	 1.3817 	 
1.32	218.4481	148.7086	91.8636	0.7116 	 -0.3630 	 0.5394 	 0.2664 	1.9149 	 0.6116 	 1.3809 	 
1.35	218.4528	148.7256	91.8678	0.7115 	 -0.3633 	 0.5393 	 0.2663 	1.9152 	 0.6114 	 1.3812 	 
1.38	218.4372	148.7121	91.869	0.7115 	 -0.3633 	 0.5393 	 0.2664 	1.9150 	 0.6112 	 1.3812 	 
1.39	218.4451	148.7145	91.861	0.7112 	 -0.3634 	 0.5394 	 0.2666 	1.9143 	 0.6109 	 1.3818 	 
1.42	218.4286	148.7029	91.8588	0.7113 	 -0.3633 	 0.5395 	 0.2666 	1.9142 	 0.6110 	 1.3817 	 
1.45	218.4345	148.6978	91.8581	0.7112 	 -0.3634 	 0.5395 	 0.2666 	1.9140 	 0.6109 	 1.3820 	 
1.47	218.4548	148.7163	91.8421	0.7113 	 -0.3633 	 0.5395 	 0.2667 	1.9142 	 0.6110 	 1.3816 	 
1.49	218.4252	148.6976	91.8543	0.7111 	 -0.3633 	 0.5396 	 0.2667 	1.9137 	 0.6111 	 1.3820 	 
1.5	218.4496	148.7192	91.8455	0.7112 	 -0.3634 	 0.5395 	 0.2666 	1.9141 	 0.6110 	 1.3819 	 
1.53	218.4334	148.7189	91.844	0.7113 	 -0.3632 	 0.5395 	 0.2666 	1.9142 	 0.6112 	 1.3816 	 
1.55	218.4287	148.7183	91.8389	0.7112 	 -0.3632 	 0.5396 	 0.2666 	1.9138 	 0.6112 	 1.3820 	 
1.57	218.4036	148.7136	91.8467	0.7114 	 -0.3631 	 0.5396 	 0.2664 	1.9145 	 0.6116 	 1.3815 	 
1.59	218.4432	148.7029	91.8497	0.7112 	 -0.3633 	 0.5395 	 0.2667 	1.9140 	 0.6110 	 1.3816 	 
1.61	218.4067	148.7123	91.8627	0.7113 	 -0.3633 	 0.5396 	 0.2664 	1.9143 	 0.6114 	 1.3818 	 
1.62	218.4432	148.7453	91.8424	0.7114 	 -0.3632 	 0.5395 	 0.2665 	1.9146 	 0.6114 	 1.3814 	 
1.65	218.4388	148.732	91.8344	0.7112 	 -0.3633 	 0.5396 	 0.2665 	1.9141 	 0.6113 	 1.3820 	 
1.66	218.4211	148.7199	91.8319	0.7112 	 -0.3631 	 0.5397 	 0.2666 	1.9137 	 0.6113 	 1.3819 	 
1.68	218.4255	148.7366	91.8534	0.7114 	 -0.3632 	 0.5395 	 0.2663 	1.9147 	 0.6117 	 1.3815 	 
1.69	218.4294	148.7281	91.8383	0.7113 	 -0.3632 	 0.5395 	 0.2664 	1.9144 	 0.6114 	 1.3816 	 
1.7	218.4334	148.7324	91.8356	0.7113 	 -0.3631 	 0.5396 	 0.2666 	1.9140 	 0.6113 	 1.3816 	 
1.73	218.4324	148.7367	91.8466	0.7114 	 -0.3632 	 0.5395 	 0.2663 	1.9146 	 0.6116 	 1.3817 	 
1.77	218.408	148.7334	91.8486	0.7114 	 -0.3631 	 0.5396 	 0.2664 	1.9144 	 0.6117 	 1.3814 	 
1.78	218.4323	148.738	91.8463	0.7112 	 -0.3632 	 0.5397 	 0.2665 	1.9138 	 0.6114 	 1.3821 	 
1.8	218.4117	148.7189	91.8269	0.7112 	 -0.3631 	 0.5397 	 0.2666 	1.9137 	 0.6114 	 1.3819 	 
1.82	218.4179	148.732	91.8366	0.7113 	 -0.3632 	 0.5396 	 0.2664 	1.9141 	 0.6116 	 1.3818 	 
1.85	218.4278	148.7354	91.8396	0.7112 	 -0.3631 	 0.5397 	 0.2666 	1.9136 	 0.6114 	 1.3820 	 
1.87	218.4164	148.7455	91.8299	0.7112 	 -0.3633 	 0.5397 	 0.2665 	1.9139 	 0.6114 	 1.3822 	 
1.88	218.4032	148.7382	91.8087	0.7109 	 -0.3631 	 0.5399 	 0.2668 	1.9127 	 0.6113 	 1.3826 	 
1.9	218.3729	148.7828	91.834	0.7114 	 -0.3632 	 0.5395 	 0.2663 	1.9146 	 0.6117 	 1.3815 	 
1.91	218.4242	148.702	91.8127	0.7106 	 -0.3633 	 0.5400 	 0.2672 	1.9117 	 0.6106 	 1.3832 	 
1.96	218.3743	148.7621	91.8065	0.7109 	 -0.3632 	 0.5401 	 0.2666 	1.9128 	 0.6117 	 1.3830 	 
1.98	218.3588	148.7531	91.8168	0.7111 	 -0.3631 	 0.5398 	 0.2665 	1.9135 	 0.6117 	 1.3823 	 
1.99	218.3652	148.7834	91.8011	0.7111 	 -0.3631 	 0.5399 	 0.2665 	1.9134 	 0.6118 	 1.3823 	 
2.02	218.3551	148.7828	91.8104	0.7110 	 -0.3630 	 0.5400 	 0.2664 	1.9131 	 0.6121 	 1.3826 	 
2.04	218.3542	148.7744	91.8042	0.7107 	 -0.3630 	 0.5403 	 0.2668 	1.9119 	 0.6117 	 1.3832 	 
2.05	218.3598	148.76	91.8012	0.7109 	 -0.3631 	 0.5401 	 0.2667 	1.9125 	 0.6117 	 1.3830 	 
2.07	218.3453	148.7839	91.809	0.7109 	 -0.3630 	 0.5402 	 0.2666 	1.9124 	 0.6120 	 1.3830 	 
2.08	218.3605	148.7933	91.8002	0.7106 	 -0.3630 	 0.5404 	 0.2668 	1.9115 	 0.6118 	 1.3835 	 
2.11	218.3436	148.808	91.8087	0.7110 	 -0.3631 	 0.5402 	 0.2662 	1.9131 	 0.6123 	 1.3831 	 
2.14	218.346	148.8173	91.7903	0.7108 	 -0.3630 	 0.5403 	 0.2665 	1.9123 	 0.6121 	 1.3833 	 
2.15	218.3172	148.7978	91.7911	0.7109 	 -0.3630 	 0.5402 	 0.2665 	1.9125 	 0.6121 	 1.3831 	 
2.17	218.3315	148.7535	91.8031	0.7107 	 -0.3631 	 0.5403 	 0.2669 	1.9117 	 0.6115 	 1.3835 	 
2.19	218.3349	148.7828	91.8136	0.7109 	 -0.3631 	 0.5402 	 0.2665 	1.9127 	 0.6119 	 1.3832 	 
2.2	218.3552	148.7879	91.7967	0.7106 	 -0.3631 	 0.5404 	 0.2668 	1.9116 	 0.6117 	 1.3836 	 
2.22	218.3513	148.8045	91.8178	0.7107 	 -0.3630 	 0.5404 	 0.2666 	1.9118 	 0.6121 	 1.3835 	 
2.25	218.3503	148.7782	91.8169	0.7105 	 -0.3631 	 0.5405 	 0.2668 	1.9112 	 0.6118 	 1.3840 	 
2.26	218.378	148.8018	91.8109	0.7109 	 -0.3632 	 0.5401 	 0.2665 	1.9128 	 0.6116 	 1.3831 	 
2.27	218.3586	148.7888	91.8244	0.7108 	 -0.3631 	 0.5402 	 0.2666 	1.9124 	 0.6117 	 1.3832 	 
2.29	218.372	148.7984	91.8118	0.7106 	 -0.3631 	 0.5404 	 0.2668 	1.9116 	 0.6118 	 1.3836 	 
2.3	218.3755	148.7854	91.8144	0.7106 	 -0.3630 	 0.5404 	 0.2670 	1.9113 	 0.6115 	 1.3835 	 
2.35	218.3472	148.8027	91.802	0.7103 	 -0.3629 	 0.5408 	 0.2671 	1.9101 	 0.6118 	 1.3844 	 
2.36	218.327	148.8486	91.7805	0.7105 	 -0.3629 	 0.5407 	 0.2667 	1.9109 	 0.6122 	 1.3841 	 
2.37	218.3001	148.8325	91.7932	0.7107 	 -0.3631 	 0.5404 	 0.2665 	1.9119 	 0.6122 	 1.3837 	 
2.39	218.2838	148.8539	91.7675	0.7105 	 -0.3629 	 0.5409 	 0.2666 	1.9108 	 0.6127 	 1.3844 	 
2.4	218.2585	148.8679	91.7686	0.7105 	 -0.3628 	 0.5410 	 0.2665 	1.9108 	 0.6130 	 1.3845 	 
2.41	218.2419	148.888	91.7449	0.7103 	 -0.3628 	 0.5412 	 0.2665 	1.9101 	 0.6132 	 1.3851 	 
2.44	218.1259	148.9699	91.7146	0.7102 	 -0.3624 	 0.5418 	 0.2659 	1.9095 	 0.6149 	 1.3859 	 
2.46	218.0456	148.995	91.7017	0.7103 	 -0.3623 	 0.5420 	 0.2655 	1.9098 	 0.6158 	 1.3860 	 
2.48	217.9694	149.0259	91.6595	0.7099 	 -0.3622 	 0.5426 	 0.2654 	1.9084 	 0.6164 	 1.3874 	 
2.5	217.9258	149.0478	91.653	0.7097 	 -0.3622 	 0.5430 	 0.2653 	1.9076 	 0.6168 	 1.3883 	 
2.51	217.8823	149.1013	91.6405	0.7099 	 -0.3620 	 0.5430 	 0.2649 	1.9085 	 0.6177 	 1.3879 	 
2.55	217.7587	149.1239	91.6081	0.7098 	 -0.3622 	 0.5433 	 0.2641 	1.9087 	 0.6187 	 1.3891 	 
2.57	217.6938	149.1604	91.5893	0.7098 	 -0.3623 	 0.5434 	 0.2638 	1.9091 	 0.6192 	 1.3894 	 
2.58	217.6591	149.1404	91.593	0.7098 	 -0.3623 	 0.5434 	 0.2639 	1.9088 	 0.6190 	 1.3894 	 
2.6	217.6533	149.1709	91.5666	0.7097 	 -0.3623 	 0.5436 	 0.2638 	1.9086 	 0.6192 	 1.3899 	 
2.61	217.6289	149.2042	91.5769	0.7097 	 -0.3623 	 0.5437 	 0.2637 	1.9085 	 0.6196 	 1.3902 	 
2.62	217.6274	149.1829	91.5544	0.7096 	 -0.3624 	 0.5437 	 0.2637 	1.9083 	 0.6193 	 1.3903 	 
2.64	217.6482	149.2181	91.5541	0.7095 	 -0.3624 	 0.5437 	 0.2640 	1.9079 	 0.6188 	 1.3904 	 
2.66	217.6551	149.1943	91.5745	0.7097 	 -0.3624 	 0.5434 	 0.2639 	1.9088 	 0.6189 	 1.3896 	 
2.68	217.6897	149.1515	91.6029	0.7096 	 -0.3627 	 0.5432 	 0.2641 	1.9088 	 0.6180 	 1.3898 	 
2.69	217.7204	149.1413	91.5882	0.7093 	 -0.3628 	 0.5434 	 0.2645 	1.9077 	 0.6174 	 1.3904 	 
2.7	217.7547	149.1527	91.5932	0.7095 	 -0.3628 	 0.5431 	 0.2646 	1.9083 	 0.6170 	 1.3898 	 
2.74	217.9179	149.0677	91.6442	0.7093 	 -0.3633 	 0.5424 	 0.2659 	1.9079 	 0.6141 	 1.3891 	 
2.76	218.0908	148.9525	91.7032	0.7093 	 -0.3639 	 0.5415 	 0.2669 	1.9082 	 0.6113 	 1.3883 	 
2.78	218.308	148.816	91.7663	0.7095 	 -0.3646 	 0.5402 	 0.2680 	1.9095 	 0.6080 	 1.3864 	 
2.79	218.4115	148.7834	91.8387	0.7100 	 -0.3648 	 0.5394 	 0.2679 	1.9116 	 0.6073 	 1.3849 	 
2.8	218.5236	148.7602	91.9174	0.7106 	 -0.3650 	 0.5385 	 0.2679 	1.9139 	 0.6064 	 1.3829 	 
2.85	219.7397	148.1167	92.9886	0.7140 	 -0.3625 	 0.5353 	 0.2688 	1.9216 	 0.6060 	 1.3698 	 
2.86	220.4996	148.1938	93.9013	0.7151 	 -0.3592 	 0.5342 	 0.2724 	1.9191 	 0.6045 	 1.3611 	 
2.89	223.5139	149.2506	98.4544	0.7211 	 -0.3528 	 0.5247 	 0.2833 	1.9260 	 0.5905 	 1.3271 	 
2.9	224.4891	149.4023	100.4171	0.7252 	 -0.3497 	 0.5197 	 0.2859 	1.9347 	 0.5870 	 1.3094 	 
2.94	230.2884	151.6027	109.2509	0.7406 	 -0.3316 	 0.5013 	 0.3005 	1.9577 	 0.5743 	 1.2341 	 
2.95	231.2614	154.8789	112.6378	0.7728 	 -0.3327 	 0.4723 	 0.2628 	2.0942 	 0.5884 	 1.1596 	 
2.97	235.5071	156.7321	118.663	0.7806 	 -0.3316 	 0.4595 	 0.2640 	2.1197 	 0.5731 	 1.1308 	 
2.99	239.649	156.7932	122.1814	0.7609 	 -0.3063 	 0.4759 	 0.3174 	1.9905 	 0.5583 	 1.1332 	 
3	241.7865	157.8611	124.4709	0.7595 	 -0.3008 	 0.4744 	 0.3281 	1.9742 	 0.5506 	 1.1231 	 
3.03	249.4902	162.7495	132.0636	0.7670 	 -0.2965 	 0.4589 	 0.3366 	1.9910 	 0.5286 	 1.0852 	 
3.06	258.4585	166.6675	138.3003	0.7617 	 -0.3011 	 0.4483 	 0.3579 	1.9678 	 0.4864 	 1.0800 	 
3.09	251.7222	155.2444	224.1341	-0.3526 	 0.6516 	 0.6715 	 0.0136 	-1.6810 	 -0.4733 	 2.5751 	 
3.11	257.703	160.0704	226.8384	-0.3540 	 0.6499 	 0.6723 	 0.0185 	-1.6779 	 -0.4689 	 2.5668 	 
3.13	264.1433	164.7454	228.7188	-0.3583 	 0.6455 	 0.6740 	 0.0253 	-1.6719 	 -0.4672 	 2.5517 	 
3.15	271.0114	168.9225	230.1376	-0.3596 	 0.6414 	 0.6769 	 0.0332 	-1.6618 	 -0.4602 	 2.5410 	 
3.17	278.6696	173.1791	231.1639	-0.3698 	 0.6363 	 0.6761 	 0.0351 	-1.6644 	 -0.4728 	 2.5205 	 
3.18	282.7796	175.3818	231.412	-0.3701 	 0.6349 	 0.6770 	 0.0402 	-1.6607 	 -0.4669 	 2.5139 	 
3.24	309.206	186.6578	231.8744	-0.3950 	 0.6238 	 0.6726 	 0.0494 	-1.6732 	 -0.4890 	 2.4555 	 
3.35	361.3135	193.1954	230.331	-0.4294 	 0.6107 	 0.6621 	 0.0657 	-1.7025 	 -0.5102 	 2.3653 	 
3.38	376.3895	191.6709	229.7195	-0.4336 	 0.6119 	 0.6583 	 0.0644 	-1.7148 	 -0.5145 	 2.3562 	 
3.4	386.3801	190.642	229.4258	-0.4379 	 0.6130 	 0.6549 	 0.0608 	-1.7271 	 -0.5224 	 2.3502 	 
3.43	401.8615	187.8866	228.5833	-0.4372 	 0.6197 	 0.6492 	 0.0582 	-1.7448 	 -0.5184 	 2.3508 	 
3.47	421.9516	183.4576	227.4001	-0.4416 	 0.6263 	 0.6403 	 0.0523 	-1.7737 	 -0.5236 	 2.3435 	 
3.49	431.5188	181.0254	226.7091	-0.4407 	 0.6279 	 0.6393 	 0.0530 	-1.7760 	 -0.5200 	 2.3438 	 
3.52	446.372	177.4679	225.02	-0.4391 	 0.6333 	 0.6346 	 0.0586 	-1.7867 	 -0.5041 	 2.3377 	 
3.65	545.8359	167.3289	128.3305	0.6336 	 -0.3665 	 0.5324 	 0.4251 	1.6478 	 0.3716 	 1.3934 	 
3.67	550.6934	172.6308	127.3012	0.6558 	 -0.3540 	 0.5518 	 0.3743 	1.6958 	 0.4767 	 1.4122 	 
3.71	562.3323	182.5826	125.8594	0.6932 	 -0.3652 	 0.5370 	 0.3124 	1.8402 	 0.5426 	 1.3871 	 
3.73	569.268	181.4897	122.3084	0.6653 	 -0.3839 	 0.5349 	 0.3520 	1.7728 	 0.4571 	 1.4219 	 
3.74	573.1442	179.3195	119.8935	0.6452 	 -0.3921 	 0.5370 	 0.3763 	1.7240 	 0.4090 	 1.4443 	 
3.77	581.7368	176.2466	113.3745	0.5999 	 -0.3915 	 0.5583 	 0.4185 	1.5987 	 0.3492 	 1.4962 	 
3.8	587.9025	169.333	105.8459	0.5874 	 -0.3803 	 0.5838 	 0.4117 	1.5486 	 0.3820 	 1.5394 	 
3.83	574.5702	192.4955	111.2095	0.5866 	 -0.3998 	 0.5699 	 0.4139 	1.5791 	 0.3444 	 1.5382 	 
3.85	573.4246	188.5112	107.7166	0.5871 	 -0.4006 	 0.5659 	 0.4178 	1.5818 	 0.3360 	 1.5299 	 
3.86	573.5577	186.6918	107.2	0.5917 	 -0.4046 	 0.5560 	 0.4207 	1.5999 	 0.3232 	 1.5135 	 
3.9	569.6821	200.378	114.3691	0.6074 	 -0.4181 	 0.5300 	 0.4188 	1.6624 	 0.2980 	 1.4779 	 
3.92	568.3861	203.3836	116.0653	0.6098 	 -0.4207 	 0.5261 	 0.4177 	1.6729 	 0.2944 	 1.4739 	 
3.95	615.7952	118.7615	103.4639	0.5706 	 -0.0998 	 0.7351 	 0.3523 	1.0307 	 0.8765 	 1.7288 	 
3.97	617.9544	115.3918	101.4947	0.5682 	 -0.0930 	 0.7513 	 0.3224 	0.9836 	 0.9172 	 1.8138 	 
4	617.7421	116.3516	101.1134	0.5658 	 -0.0911 	 0.7526 	 0.3242 	0.9731 	 0.9151 	 1.8185 	 
4.01	617.666	116.603	101.0645	0.5648 	 -0.0908 	 0.7532 	 0.3247 	0.9695 	 0.9140 	 1.8208 	 
4.03	597.7049	140.0231	87.924	0.6257 	 -0.4343 	 0.5088 	 0.4013 	1.7389 	 0.2924 	 1.4609 	 
4.06	597.9207	138.9449	88.5571	0.6301 	 -0.4390 	 0.5047 	 0.3943 	1.7595 	 0.2941 	 1.4607 	 
4.08	598.0198	138.6422	88.4241	0.6309 	 -0.4404 	 0.5028 	 0.3939 	1.7641 	 0.2916 	 1.4595 	 
4.11	597.9038	138.9735	88.3004	0.6295 	 -0.4389 	 0.5054 	 0.3945 	1.7576 	 0.2943 	 1.4621 	 
4.13	597.8197	139.2421	88.2261	0.6289 	 -0.4374 	 0.5066 	 0.3956 	1.7533 	 0.2954 	 1.4619 	 
4.18	597.9011	139.5296	88.172	0.6284 	 -0.4352 	 0.5071 	 0.3982 	1.7479 	 0.2950 	 1.4589 	 
4.19	597.9718	139.5415	88.2305	0.6289 	 -0.4351 	 0.5068 	 0.3978 	1.7492 	 0.2955 	 1.4581 	 
4.2	598.0534	139.6344	88.2557	0.6293 	 -0.4347 	 0.5069 	 0.3975 	1.7495 	 0.2968 	 1.4574 	 
4.22	598.1767	139.4934	88.2992	0.6307 	 -0.4355 	 0.5052 	 0.3968 	1.7545 	 0.2959 	 1.4552 	 
4.25	598.3508	139.1973	88.4278	0.6328 	 -0.4372 	 0.5023 	 0.3952 	1.7632 	 0.2944 	 1.4523 	 
4.26	598.401	139.1421	88.4931	0.6329 	 -0.4372 	 0.5024 	 0.3949 	1.7636 	 0.2949 	 1.4526 	 
4.27	598.3999	139.0236	88.5232	0.6338 	 -0.4377 	 0.5011 	 0.3945 	1.7669 	 0.2941 	 1.4509 	 
4.29	598.5333	138.7632	88.5537	0.6351 	 -0.4391 	 0.4991 	 0.3935 	1.7729 	 0.2926 	 1.4490 	 
4.3	598.5253	138.7221	88.6217	0.6350 	 -0.4386 	 0.4996 	 0.3933 	1.7720 	 0.2938 	 1.4493 	 
4.31	598.5833	138.5942	88.6502	0.6363 	 -0.4396 	 0.4981 	 0.3921 	1.7774 	 0.2933 	 1.4479 	 
4.34	598.6571	138.0525	88.7907	0.6374 	 -0.4397 	 0.4969 	 0.3917 	1.7804 	 0.2931 	 1.4457 	 
4.36	598.7726	137.8337	88.9081	0.6394 	 -0.4400 	 0.4956 	 0.3898 	1.7867 	 0.2950 	 1.4434 	 
4.37	598.7986	137.6765	89.0215	0.6400 	 -0.4400 	 0.4949 	 0.3897 	1.7882 	 0.2946 	 1.4419 	 
4.38	598.8552	137.5431	89.075	0.6403 	 -0.4400 	 0.4944 	 0.3898 	1.7890 	 0.2944 	 1.4410 	 
4.39	598.9274	137.42	89.1844	0.6408 	 -0.4400 	 0.4941 	 0.3894 	1.7904 	 0.2948 	 1.4402 	 
4.4	599.0491	137.2575	89.2658	0.6421 	 -0.4404 	 0.4926 	 0.3888 	1.7947 	 0.2944 	 1.4378 	 
4.43	599.3341	136.8206	89.5724	0.6443 	 -0.4396 	 0.4906 	 0.3884 	1.7994 	 0.2950 	 1.4323 	 
4.45	599.6008	136.4787	89.8449	0.6463 	 -0.4386 	 0.4890 	 0.3883 	1.8030 	 0.2958 	 1.4272 	 
4.47	599.722	136.7705	89.8497	0.6421 	 -0.4291 	 0.4978 	 0.3947 	1.7744 	 0.3052 	 1.4274 	 
4.49	600.2024	135.9956	90.729	0.6480 	 -0.4319 	 0.4916 	 0.3898 	1.7958 	 0.3050 	 1.4197 	 
4.5	600.3295	135.839	90.9989	0.6489 	 -0.4314 	 0.4914 	 0.3891 	1.7976 	 0.3069 	 1.4181 	 
4.51	600.4831	135.6896	91.3194	0.6498 	 -0.4306 	 0.4912 	 0.3886 	1.7987 	 0.3085 	 1.4164 	 
4.55	601.5088	135.0551	92.6563	0.6532 	 -0.4273 	 0.4888 	 0.3896 	1.8024 	 0.3106 	 1.4052 	 
4.56	601.9473	134.4211	93.2032	0.6573 	 -0.4290 	 0.4835 	 0.3874 	1.8170 	 0.3081 	 1.3975 	 
4.58	603.269	132.8932	95.1044	0.6650 	 -0.4244 	 0.4782 	 0.3860 	1.8310 	 0.3135 	 1.3778 	 
4.6	605.2283	132.3797	97.3552	0.6690 	 -0.4208 	 0.4718 	 0.3908 	1.8354 	 0.3072 	 1.3588 	 
4.61	606.4804	133.4914	99.9271	0.6674 	 -0.4098 	 0.4837 	 0.3909 	1.8128 	 0.3313 	 1.3616 	 
4.63	607.417	131.4324	102.7942	0.6712 	 -0.4049 	 0.4754 	 0.3993 	1.8145 	 0.3203 	 1.3368 	 
4.66	608.8118	126.1855	108.6358	0.6868 	 -0.4027 	 0.4357 	 0.4198 	1.8519 	 0.2635 	 1.2593 	 
4.67	610.5035	125.0739	109.4789	0.6974 	 -0.4028 	 0.4351 	 0.4026 	1.8858 	 0.2865 	 1.2561 	 
4.68	613.5613	128.406	113.291	0.6891 	 -0.3707 	 0.4662 	 0.4128 	1.8115 	 0.3431 	 1.2573 	 
4.7	615.9114	126.486	118.0096	0.6981 	 -0.3631 	 0.4558 	 0.4161 	1.8265 	 0.3408 	 1.2233 	 
4.71	617.4223	125.3103	120.4037	0.7042 	 -0.3547 	 0.4520 	 0.4171 	1.8327 	 0.3478 	 1.2011 	 
4.74	621.4607	123.239	128.8527	0.7085 	 -0.3349 	 0.4417 	 0.4367 	1.8155 	 0.3400 	 1.1497 	 
4.76	626.0827	122.2646	134.0102	0.7219 	 -0.3314 	 0.4300 	 0.4292 	1.8526 	 0.3430 	 1.1196 	 
4.78	630.7327	123.7337	138.7711	0.7192 	 -0.3129 	 0.4456 	 0.4316 	1.8215 	 0.3799 	 1.1170 	 
4.79	633.2722	123.711	141.1836	0.7176 	 -0.3100 	 0.4506 	 0.4313 	1.8130 	 0.3889 	 1.1216 	 
4.8	636.5503	124.923	143.2922	0.7217 	 -0.3083 	 0.4510 	 0.4251 	1.8251 	 0.3994 	 1.1180 	 
4.82	643.8368	127.9479	147.1472	0.7266 	 -0.3067 	 0.4571 	 0.4113 	1.8417 	 0.4246 	 1.1236 	 
4.85	660.3578	134.4027	151.5073	0.7402 	 -0.2922 	 0.4767 	 0.3734 	1.8811 	 0.5093 	 1.1273 	 
4.86	665.8954	132.5128	149.9333	0.7771 	 -0.3507 	 0.3878 	 0.3503 	2.0782 	 0.3651 	 1.0642 	 
4.88	678.5483	135.2912	149.9648	0.7370 	 -0.2678 	 0.5333 	 0.3174 	1.8668 	 0.6637 	 1.1967 	 
4.9	689.8044	142.5059	151.8937	0.7327 	 -0.2733 	 0.5359 	 0.3181 	1.8567 	 0.6580 	 1.2143 	 
4.91	695.1173	147.4546	152.8684	0.7546 	 -0.3097 	 0.4861 	 0.3136 	1.9745 	 0.5697 	 1.1610 	 
4.92	700.9372	154.2886	154.2569	0.7361 	 -0.3076 	 0.5049 	 0.3295 	1.9013 	 0.5713 	 1.2050 	 
4.95	722.3692	161.178	153.3341	0.7414 	 -0.3191 	 0.5049 	 0.3059 	1.9432 	 0.5865 	 1.2197 	 
4.96	729.506	163.5655	153.1569	0.7409 	 -0.3224 	 0.5069 	 0.3002 	1.9482 	 0.5915 	 1.2291 	 
4.98	744.187	168.2366	152.2605	0.7375 	 -0.3285 	 0.5135 	 0.2906 	1.9483 	 0.6023 	 1.2539 	 
5	759.1108	171.6948	151.0697	0.7332 	 -0.3360 	 0.5180 	 0.2850 	1.9451 	 0.6042 	 1.2779 	 
5.04	789.4357	177.8243	149.0404	0.7240 	 -0.3434 	 0.5288 	 0.2799 	1.9250 	 0.6107 	 1.3179 	 
5.06	804.3611	180.4373	148.1601	0.7149 	 -0.3375 	 0.5404 	 0.2881 	1.8821 	 0.6165 	 1.3383 	 
5.08	819.5462	181.9013	147.1952	0.7124 	 -0.3341 	 0.5420 	 0.2951 	1.8664 	 0.6128 	 1.3373 	 
5.09	826.9397	181.6132	146.2731	0.7108 	 -0.3311 	 0.5436 	 0.2993 	1.8554 	 0.6122 	 1.3369 	 
5.1	834.4885	181.8725	145.5449	0.7123 	 -0.3286 	 0.5424 	 0.3006 	1.8569 	 0.6128 	 1.3294 	 
5.13	856.5901	181.3732	143.2528	0.7147 	 -0.3217 	 0.5390 	 0.3085 	1.8533 	 0.6088 	 1.3094 	 
5.15	870.9669	180.1975	141.9012	0.7153 	 -0.3150 	 0.5390 	 0.3140 	1.8448 	 0.6106 	 1.2984 	 
5.16	878.1167	179.5465	141.2096	0.7134 	 -0.3115 	 0.5413 	 0.3178 	1.8328 	 0.6119 	 1.2988 	 
5.18	892.1981	177.3258	139.5226	0.7116 	 -0.3024 	 0.5460 	 0.3226 	1.8137 	 0.6212 	 1.2958 	 
5.2	906.49	173.6635	137.9714	0.7114 	 -0.2936 	 0.5481 	 0.3274 	1.8011 	 0.6282 	 1.2869 	 
5.22	920.769	169.7822	136.6428	0.7108 	 -0.2863 	 0.5523 	 0.3282 	1.7900 	 0.6400 	 1.2853 	 
5.24	935.0015	165.4848	135.0049	0.7078 	 -0.2799 	 0.5575 	 0.3316 	1.7711 	 0.6479 	 1.2889 	 
5.26	949.2358	161.45	133.0669	0.7052 	 -0.2752 	 0.5620 	 0.3332 	1.7563 	 0.6552 	 1.2939 	 
5.27	956.6959	159.1535	131.9381	0.7027 	 -0.2728 	 0.5656 	 0.3345 	1.7441 	 0.6590 	 1.3003 	 
5.28	964.3277	156.8561	130.8134	0.7031 	 -0.2733 	 0.5652 	 0.3339 	1.7464 	 0.6590 	 1.2996 	 
5.29	971.9192	154.3497	129.4983	0.6994 	 -0.2699 	 0.5708 	 0.3349 	1.7291 	 0.6658 	 1.3102 	 
5.31	986.9373	150.5926	126.537	0.6942 	 -0.2693 	 0.5756 	 0.3381 	1.7094 	 0.6650 	 1.3238 	 
5.35	1018.104	143.9561	119.4101	0.6791 	 -0.2761 	 0.5862 	 0.3449 	1.6649 	 0.6507 	 1.3680 	 
5.36	1025.9025	142.55	117.6972	0.6713 	 -0.2767 	 0.5929 	 0.3482 	1.6390 	 0.6477 	 1.3896 	 
5.38	1041.6719	138.9067	113.4657	0.6626 	 -0.2890 	 0.5960 	 0.3495 	1.6267 	 0.6284 	 1.4189 	 
5.39	1049.3285	137.5323	111.5094	0.6554 	 -0.2943 	 0.5998 	 0.3523 	1.6105 	 0.6173 	 1.4388 	 
5.4	1056.6969	136.8006	109.7283	0.6513 	 -0.3030 	 0.6016 	 0.3494 	1.6098 	 0.6089 	 1.4578 	 
5.43	1077.815	134.414	103.5438	0.6323 	 -0.3206 	 0.6137 	 0.3476 	1.5768 	 0.5863 	 1.5215 	 
5.45	1090.629	134.3506	100.5017	0.6187 	 -0.3357 	 0.6252 	 0.3372 	1.5599 	 0.5791 	 1.5792 	 
5.46	1095.4838	134.3804	99.018	0.6187 	 -0.3460 	 0.6184 	 0.3392 	1.5768 	 0.5591 	 1.5757 	 
5.47	1100.4164	134.3947	97.47	0.6188 	 -0.3541 	 0.6147 	 0.3375 	1.5902 	 0.5488 	 1.5782 	 
5.49	1106.6755	134.3738	97.1475	0.6270 	 -0.3673 	 0.5995 	 0.3355 	1.6359 	 0.5296 	 1.5576 	 
5.5	1107.9977	134.5103	96.8387	0.6340 	 -0.3709 	 0.5887 	 0.3374 	1.6622 	 0.5192 	 1.5342 	 
5.53	1110.4843	130.1286	96.8363	0.6478 	 -0.3756 	 0.5739 	 0.3315 	1.7110 	 0.5175 	 1.5028 	 
5.55	1112.8536	127.9129	97.3317	0.6579 	 -0.3801 	 0.5538 	 0.3404 	1.7470 	 0.4892 	 1.4601 	 
5.56	1112.9474	127.4816	97.0761	0.6564 	 -0.3803 	 0.5557 	 0.3400 	1.7429 	 0.4905 	 1.4651 	 
5.58	1113.1376	126.7611	97.0879	0.6594 	 -0.3743 	 0.5579 	 0.3374 	1.7427 	 0.5043 	 1.4594 	 
5.59	1113.1377	126.89	97.0755	0.6594 	 -0.3748 	 0.5574 	 0.3378 	1.7433 	 0.5028 	 1.4590 	 
5.6	1113.3481	127.2338	96.7291	0.6587 	 -0.3751 	 0.5556 	 0.3417 	1.7412 	 0.4956 	 1.4554 	 
5.63	1112.6731	128.5234	96.816	0.6560 	 -0.3723 	 0.5613 	 0.3406 	1.7289 	 0.5038 	 1.4647 	 
5.65	1112.6096	128.9514	96.796	0.6539 	 -0.3722 	 0.5620 	 0.3435 	1.7221 	 0.4998 	 1.4667 	 
5.67	1112.7842	128.7311	96.9252	0.6555 	 -0.3729 	 0.5604 	 0.3424 	1.7279 	 0.4998 	 1.4637 	 
5.69	1113.0014	128.2958	96.9968	0.6573 	 -0.3740 	 0.5584 	 0.3411 	1.7354 	 0.4994 	 1.4604 	 
5.7	1113.1036	128.1113	97.0073	0.6581 	 -0.3743 	 0.5576 	 0.3403 	1.7384 	 0.4998 	 1.4591 	 
5.73	1113.1825	127.908	96.8025	0.6589 	 -0.3749 	 0.5570 	 0.3393 	1.7418 	 0.5002 	 1.4584 	 
5.75	1113.3034	127.9576	96.3662	0.6584 	 -0.3746 	 0.5560 	 0.3420 	1.7396 	 0.4961 	 1.4557 	 
5.77	1113.0623	128.231	96.56	0.6579 	 -0.3740 	 0.5580 	 0.3405 	1.7373 	 0.5000 	 1.4594 	 
5.79	1113.0241	128.4235	96.5829	0.6580 	 -0.3731 	 0.5584 	 0.3407 	1.7361 	 0.5014 	 1.4588 	 
5.8	1113.0566	128.4437	96.6166	0.6577 	 -0.3728 	 0.5586 	 0.3412 	1.7348 	 0.5011 	 1.4588 	 
5.81	1113.0743	128.5211	96.6142	0.6578 	 -0.3725 	 0.5585 	 0.3414 	1.7346 	 0.5012 	 1.4581 	 
5.84	1113.4574	128.5228	96.6215	0.6565 	 -0.3695 	 0.5633 	 0.3394 	1.7261 	 0.5106 	 1.4648 	 
5.86	1113.8394	128.519	96.668	0.6600 	 -0.3702 	 0.5605 	 0.3365 	1.7382 	 0.5129 	 1.4586 	 
5.88	1113.9452	128.335	96.8305	0.6612 	 -0.3702 	 0.5593 	 0.3361 	1.7420 	 0.5130 	 1.4554 	 
5.89	1114.0167	128.1943	96.8945	0.6614 	 -0.3704 	 0.5588 	 0.3363 	1.7430 	 0.5121 	 1.4546 	 
5.9	1114.0985	128.0393	96.9706	0.6618 	 -0.3703 	 0.5584 	 0.3362 	1.7441 	 0.5123 	 1.4534 	 
5.91	1114.137	127.8713	97.0171	0.6625 	 -0.3706 	 0.5574 	 0.3362 	1.7466 	 0.5114 	 1.4514 	 
5.93	1113.9133	127.6153	97.3427	0.6643 	 -0.3727 	 0.5515 	 0.3402 	1.7544 	 0.4996 	 1.4406 	 
5.95	1113.8527	127.3785	97.4715	0.6640 	 -0.3726 	 0.5519 	 0.3402 	1.7534 	 0.5000 	 1.4415 	 
5.98	1114.1417	127.1176	97.2797	0.6648 	 -0.3720 	 0.5500 	 0.3423 	1.7546 	 0.4969 	 1.4358 	 
6	1114.103	126.9955	97.7151	0.6662 	 -0.3722 	 0.5504 	 0.3388 	1.7597 	 0.5019 	 1.4367 	 
6.03	1114.3582	126.7123	97.9521	0.6682 	 -0.3717 	 0.5492 	 0.3373 	1.7652 	 0.5044 	 1.4328 	 
6.05	1114.5596	126.511	98.0464	0.6699 	 -0.3714 	 0.5480 	 0.3361 	1.7704 	 0.5058 	 1.4292 	 
6.06	1114.7352	126.3608	98.2136	0.6711 	 -0.3717 	 0.5467 	 0.3357 	1.7744 	 0.5054 	 1.4263 	 
6.08	1114.9867	126.1373	98.3838	0.6730 	 -0.3705 	 0.5459 	 0.3344 	1.7787 	 0.5086 	 1.4220 	 
6.1	1115.5712	125.1021	98.5204	0.6721 	 -0.3723 	 0.5403 	 0.3432 	1.7768 	 0.4901 	 1.4126 	 
6.11	1115.7196	124.9682	98.6504	0.6728 	 -0.3721 	 0.5392 	 0.3437 	1.7789 	 0.4890 	 1.4096 	 
6.14	1116.2222	124.5514	99.2645	0.6757 	 -0.3702 	 0.5375 	 0.3428 	1.7849 	 0.4921 	 1.4019 	 
6.15	1116.4279	124.2886	99.4546	0.6754 	 -0.3698 	 0.5373 	 0.3440 	1.7831 	 0.4908 	 1.4010 	 
6.17	1116.8642	123.7745	99.9695	0.6770 	 -0.3685 	 0.5360 	 0.3444 	1.7858 	 0.4915 	 1.3954 	 
6.18	1117.1652	123.5185	100.2527	0.6778 	 -0.3683 	 0.5348 	 0.3448 	1.7881 	 0.4905 	 1.3922 	 
6.19	1117.5145	123.244	100.657	0.6783 	 -0.3679 	 0.5340 	 0.3457 	1.7886 	 0.4894 	 1.3897 	 
6.2	1117.9479	122.8768	101.2053	0.6801 	 -0.3670 	 0.5327 	 0.3450 	1.7931 	 0.4908 	 1.3849 	 
6.23	1119.8441	121.5472	103.9102	0.6898 	 -0.3637 	 0.5250 	 0.3409 	1.8193 	 0.4965 	 1.3597 	 
6.25	1121.6865	121.3977	106.8018	0.6996 	 -0.3606 	 0.5141 	 0.3410 	1.8454 	 0.4931 	 1.3284 	 
6.26	1122.6953	121.4166	108.4985	0.7012 	 -0.3549 	 0.5142 	 0.3434 	1.8420 	 0.4976 	 1.3186 	 
6.28	1125.0063	120.5588	112.1815	0.7069 	 -0.3485 	 0.5071 	 0.3489 	1.8495 	 0.4935 	 1.2914 	 
6.3	1127.2097	120.527	116.1106	0.7176 	 -0.3430 	 0.4952 	 0.3496 	1.8760 	 0.4903 	 1.2548 	 
6.31	1128.4849	119.8932	118.2747	0.7233 	 -0.3382 	 0.4905 	 0.3492 	1.8883 	 0.4930 	 1.2353 	 
6.35	1134.1402	118.302	127.8079	0.7377 	 -0.3175 	 0.4755 	 0.3591 	1.9063 	 0.4933 	 1.1668 	 
6.37	1137.1342	116.6921	132.6314	0.7409 	 -0.3042 	 0.4749 	 0.3647 	1.8996 	 0.5027 	 1.1425 	 
6.38	1138.9542	116.2691	135.074	0.7488 	 -0.3001 	 0.4645 	 0.3653 	1.9210 	 0.4965 	 1.1133 	 
6.39	1140.7258	116.0928	137.2812	0.7520 	 -0.2953 	 0.4604 	 0.3680 	1.9251 	 0.4951 	 1.0968 	 
6.4	1142.8012	113.7924	138.544	0.7386 	 -0.2905 	 0.4621 	 0.3956 	1.8666 	 0.4699 	 1.1004 	 
6.42	1147.3914	113.2531	143.7458	0.7430 	 -0.2818 	 0.4612 	 0.3947 	1.8721 	 0.4813 	 1.0825 	 
6.45	1155.2456	114.7536	149.7522	0.7472 	 -0.2769 	 0.4596 	 0.3921 	1.8817 	 0.4889 	 1.0696 	 
6.47	1160.6039	118.4488	154.4771	0.7694 	 -0.2680 	 0.4607 	 0.3520 	1.9645 	 0.5472 	 1.0407 	 
6.49	1168.4014	120.8204	157.3055	0.7673 	 -0.2705 	 0.4654 	 0.3486 	1.9613 	 0.5533 	 1.0539 	 
6.51	1176.8272	125.3629	159.5961	0.7685 	 -0.2739 	 0.4679 	 0.3397 	1.9730 	 0.5623 	 1.0621 	 
6.53	1186.3381	130.9668	161.2915	0.7705 	 -0.2772 	 0.4685 	 0.3317 	1.9871 	 0.5682 	 1.0665 	 
6.56	1203.2926	139.6406	162.6865	0.7739 	 -0.2820 	 0.4722 	 0.3140 	2.0139 	 0.5868 	 1.0764 	 
6.59	1222.0255	148.7357	162.6498	0.7687 	 -0.2866 	 0.4819 	 0.3079 	2.0033 	 0.5997 	 1.1043 	 
6.6	1228.7112	151.51	162.4506	0.7676 	 -0.2900 	 0.4828 	 0.3061 	2.0036 	 0.5987 	 1.1122 	 
6.62	1242.81	156.1757	161.7036	0.7613 	 -0.2971 	 0.4880 	 0.3065 	1.9884 	 0.5955 	 1.1381 	 
6.66	1272.7257	165.0853	159.7023	0.7536 	 -0.3072 	 0.4937 	 0.3067 	1.9718 	 0.5891 	 1.1706 	 
6.67	1280.5453	167.2116	158.9915	0.7518 	 -0.3082 	 0.4955 	 0.3071 	1.9664 	 0.5891 	 1.1770 	 
6.68	1288.4233	169.074	158.3143	0.7519 	 -0.3102 	 0.4947 	 0.3061 	1.9694 	 0.5873 	 1.1788 	 
6.69	1296.3714	170.6214	157.5217	0.7494 	 -0.3110 	 0.4960 	 0.3092 	1.9601 	 0.5838 	 1.1843 	 
6.7	1304.2506	171.8976	156.9677	0.7472 	 -0.3106 	 0.4993 	 0.3098 	1.9516 	 0.5867 	 1.1913 	 
6.72	1320.0522	173.2007	155.1896	0.7378 	 -0.3122 	 0.5079 	 0.3166 	1.9177 	 0.5845 	 1.2169 	 
6.75	1344.2734	174.4525	153.393	0.7332 	 -0.3168 	 0.5124 	 0.3154 	1.9078 	 0.5843 	 1.2359 	 
6.76	1352.3393	173.8697	152.6635	0.7323 	 -0.3188 	 0.5136 	 0.3136 	1.9079 	 0.5851 	 1.2421 	 
6.78	1367.6971	172.0864	150.5914	0.7297 	 -0.3272 	 0.5121 	 0.3136 	1.9091 	 0.5729 	 1.2544 	 
6.79	1376.3344	172.3345	150.7838	0.7217 	 -0.3135 	 0.5302 	 0.3159 	1.8642 	 0.6032 	 1.2735 	 
6.8	1384.2741	171.3865	150.186	0.7252 	 -0.3179 	 0.5249 	 0.3122 	1.8832 	 0.5979 	 1.2677 	 
6.81	1392.2716	170.2898	149.5092	0.7166 	 -0.3116 	 0.5377 	 0.3166 	1.8442 	 0.6106 	 1.2894 	 
6.83	1408.5857	166.7761	147.7725	0.7155 	 -0.3059 	 0.5422 	 0.3169 	1.8335 	 0.6214 	 1.2907 	 
6.86	1432.1914	162.1375	145.58	0.7163 	 -0.2989 	 0.5432 	 0.3201 	1.8266 	 0.6271 	 1.2813 	 
6.87	1440.2253	159.7472	144.6138	0.7127 	 -0.2949 	 0.5471 	 0.3253 	1.8077 	 0.6285 	 1.2856 	 
6.88	1448.1392	157.9795	143.7018	0.7107 	 -0.2884 	 0.5515 	 0.3280 	1.7922 	 0.6369 	 1.2868 	 
6.89	1456.056	156.1213	142.7571	0.7066 	 -0.2841 	 0.5566 	 0.3320 	1.7718 	 0.6409 	 1.2940 	 
6.9	1464.2426	153.1459	141.9833	0.7112 	 -0.2822 	 0.5529 	 0.3299 	1.7861 	 0.6438 	 1.2799 	 
6.92	1479.9489	149.458	140.6843	0.6973 	 -0.2730 	 0.5659 	 0.3449 	1.7235 	 0.6446 	 1.3043 	 
6.95	1504.4932	140.8384	137.9799	0.7024 	 -0.2777 	 0.5594 	 0.3415 	1.7473 	 0.6386 	 1.2933 	 
6.97	1519.8405	137.5179	136.6834	0.7027 	 -0.2737 	 0.5645 	 0.3358 	1.7448 	 0.6554 	 1.2988 	 
6.98	1527.822	135.8343	135.6056	0.6917 	 -0.2750 	 0.5714 	 0.3455 	1.7065 	 0.6441 	 1.3235 	 
7	1544.0914	131.3182	133.6586	0.6864 	 -0.2813 	 0.5706 	 0.3523 	1.6950 	 0.6250 	 1.3338 	 
7.01	1552.4422	128.8478	132.7122	0.6776 	 -0.2854 	 0.5735 	 0.3612 	1.6698 	 0.6078 	 1.3508 	 
7.05	1584.608	122.9636	128.0811	0.6664 	 -0.3009 	 0.5725 	 0.3710 	1.6532 	 0.5701 	 1.3753 	 
7.06	1592.2041	122.5136	126.9561	0.6599 	 -0.3031 	 0.5766 	 0.3744 	1.6354 	 0.5633 	 1.3909 	 
7.08	1607.5937	120.3705	124.5751	0.6513 	 -0.3114 	 0.5777 	 0.3809 	1.6203 	 0.5414 	 1.4083 	 
7.09	1615.1263	119.3995	123.314	0.6492 	 -0.3181 	 0.5764 	 0.3811 	1.6232 	 0.5304 	 1.4157 	 
7.1	1622.4659	118.5093	122.1134	0.6467 	 -0.3262 	 0.5746 	 0.3810 	1.6276 	 0.5173 	 1.4243 	 
7.11	1629.6328	118.1068	121.4571	0.6408 	 -0.3338 	 0.5763 	 0.3819 	1.6213 	 0.5049 	 1.4413 	 
7.13	1642.87	117.0381	118.5524	0.6324 	 -0.3436 	 0.5791 	 0.3829 	1.6117 	 0.4885 	 1.4651 	 
7.16	1661.058	115.2574	114.3527	0.6136 	 -0.3607 	 0.5822 	 0.3930 	1.5854 	 0.4456 	 1.5022 	 
7.17	1666.2061	115.7567	113.2182	0.6057 	 -0.3624 	 0.5897 	 0.3925 	1.5667 	 0.4445 	 1.5245 	 
7.18	1671.1221	114.2968	111.6954	0.6015 	 -0.3674 	 0.5883 	 0.3964 	1.5637 	 0.4294 	 1.5292 	 
7.2	1678.7451	114.9681	108.6614	0.6056 	 -0.3714 	 0.5901 	 0.3835 	1.5812 	 0.4444 	 1.5401 	 
7.21	1681.8255	114.2875	107.1095	0.5954 	 -0.3714 	 0.5958 	 0.3907 	1.5541 	 0.4325 	 1.5551 	 
7.25	1686.558	115.5937	104.5124	0.6205 	 -0.3661 	 0.5818 	 0.3775 	1.6133 	 0.4618 	 1.5092 	 
7.26	1686.41	115.1368	104.0086	0.6201 	 -0.3641 	 0.5846 	 0.3757 	1.6090 	 0.4684 	 1.5132 	 
7.28	1686.465	112.2809	104.1804	0.6280 	 -0.3710 	 0.5813 	 0.3607 	1.6431 	 0.4808 	 1.5154 	 
7.29	1688.3189	110.4949	105.1893	0.6456 	 -0.3790 	 0.5625 	 0.3508 	1.7075 	 0.4785 	 1.4807 	 
7.3	1689.7666	110.4469	106.0385	0.6528 	 -0.3827 	 0.5510 	 0.3518 	1.7342 	 0.4669 	 1.4588 	 
7.31	1689.8265	110.1161	106.1922	0.6540 	 -0.3875 	 0.5476 	 0.3497 	1.7457 	 0.4614 	 1.4589 	 
7.35	1690.2254	109.0375	106.0436	0.6589 	 -0.3850 	 0.5472 	 0.3439 	1.7568 	 0.4738 	 1.4528 	 
7.36	1690.1356	109.4086	106.0083	0.6568 	 -0.3830 	 0.5501 	 0.3454 	1.7475 	 0.4759 	 1.4564 	 
7.38	1690.022	109.9143	105.7795	0.6543 	 -0.3812 	 0.5524 	 0.3486 	1.7365 	 0.4746 	 1.4591 	 
7.39	1689.9909	110.0494	105.792	0.6517 	 -0.3773 	 0.5571 	 0.3502 	1.7225 	 0.4801 	 1.4639 	 
7.4	1689.9242	110.331	105.7353	0.6540 	 -0.3818 	 0.5518 	 0.3494 	1.7365 	 0.4723 	 1.4588 	 
7.43	1690.1027	110.1206	105.7543	0.6553 	 -0.3825 	 0.5498 	 0.3493 	1.7415 	 0.4705 	 1.4553 	 
7.45	1690.364	109.8034	105.8234	0.6575 	 -0.3825 	 0.5487 	 0.3470 	1.7483 	 0.4735 	 1.4522 	 
7.46	1690.4702	109.4884	105.7721	0.6573 	 -0.3829 	 0.5482 	 0.3476 	1.7484 	 0.4718 	 1.4518 	 
7.48	1690.5446	109.2892	105.7808	0.6558 	 -0.3785 	 0.5528 	 0.3479 	1.7370 	 0.4798 	 1.4552 	 
7.49	1690.4746	109.4518	105.7392	0.6558 	 -0.3781 	 0.5533 	 0.3476 	1.7362 	 0.4811 	 1.4557 	 
7.5	1690.445	109.544	105.5624	0.6578 	 -0.3829 	 0.5478 	 0.3473 	1.7499 	 0.4721 	 1.4508 	 
7.53	1690.4106	110.2302	105.7271	0.6540 	 -0.3788 	 0.5527 	 0.3511 	1.7316 	 0.4746 	 1.4559 	 
7.55	1690.3405	110.2459	105.6256	0.6553 	 -0.3799 	 0.5507 	 0.3508 	1.7371 	 0.4725 	 1.4527 	 
7.56	1690.3438	110.3094	105.6266	0.6550 	 -0.3793 	 0.5512 	 0.3512 	1.7352 	 0.4730 	 1.4528 	 
7.58	1690.3252	110.4126	105.6851	0.6553 	 -0.3791 	 0.5508 	 0.3514 	1.7358 	 0.4730 	 1.4517 	 
7.59	1690.417	110.3044	105.6882	0.6543 	 -0.3771 	 0.5536 	 0.3510 	1.7300 	 0.4777 	 1.4549 	 
7.6	1690.3992	110.3917	105.7532	0.6550 	 -0.3787 	 0.5511 	 0.3518 	1.7344 	 0.4730 	 1.4518 	 
7.62	1690.4504	110.2791	105.8186	0.6570 	 -0.3800 	 0.5488 	 0.3504 	1.7425 	 0.4722 	 1.4481 	 
7.66	1690.534	109.8406	105.7899	0.6591 	 -0.3815 	 0.5463 	 0.3486 	1.7514 	 0.4715 	 1.4448 	 
7.68	1690.5858	109.7752	105.858	0.6603 	 -0.3814 	 0.5459 	 0.3473 	1.7548 	 0.4735 	 1.4433 	 
7.69	1690.6517	109.5559	105.8495	0.6604 	 -0.3813 	 0.5457 	 0.3474 	1.7550 	 0.4733 	 1.4428 	 
7.7	1690.6914	109.4846	105.8561	0.6606 	 -0.3814 	 0.5454 	 0.3474 	1.7557 	 0.4729 	 1.4422 	 
7.75	1690.8691	108.7163	106.1561	0.6676 	 -0.3840 	 0.5385 	 0.3420 	1.7816 	 0.4738 	 1.4297 	 
7.77	1691.0143	108.4916	106.2102	0.6691 	 -0.3844 	 0.5368 	 0.3411 	1.7871 	 0.4737 	 1.4262 	 
7.78	1691.0622	108.4362	106.2641	0.6698 	 -0.3843 	 0.5362 	 0.3408 	1.7890 	 0.4740 	 1.4247 	 
7.79	1691.1204	108.3503	106.2966	0.6703 	 -0.3841 	 0.5359 	 0.3406 	1.7901 	 0.4744 	 1.4235 	 
7.8	1691.1524	108.284	106.3199	0.6719 	 -0.3855 	 0.5333 	 0.3399 	1.7974 	 0.4719 	 1.4198 	 
7.82	1691.2966	108.1113	106.4479	0.6730 	 -0.3845 	 0.5332 	 0.3390 	1.7993 	 0.4745 	 1.4177 	 
7.85	1691.515	107.7731	106.7353	0.6764 	 -0.3855 	 0.5294 	 0.3371 	1.8114 	 0.4738 	 1.4103 	 
7.87	1691.7475	107.5123	106.8974	0.6767 	 -0.3830 	 0.5309 	 0.3369 	1.8087 	 0.4784 	 1.4092 	 
7.88	1691.7214	106.8474	106.9099	0.6787 	 -0.3852 	 0.5278 	 0.3353 	1.8187 	 0.4759 	 1.4056 	 
7.9	1692.115	106.6602	107.4697	0.6749 	 -0.3719 	 0.5391 	 0.3399 	1.7856 	 0.4948 	 1.4086 	 
7.91	1692.1576	105.9391	107.625	0.6776 	 -0.3745 	 0.5349 	 0.3385 	1.7981 	 0.4908 	 1.4029 	 
7.94	1692.8371	106.496	108.4414	0.6791 	 -0.3707 	 0.5351 	 0.3393 	1.7967 	 0.4951 	 1.3966 	 
7.96	1693.184	106.3304	108.9015	0.6798 	 -0.3697 	 0.5341 	 0.3404 	1.7974 	 0.4943 	 1.3925 	 
7.97	1693.4364	106.2435	109.2177	0.6802 	 -0.3692 	 0.5336 	 0.3409 	1.7977 	 0.4940 	 1.3906 	 
7.99	1694.0237	105.9296	109.8669	0.6814 	 -0.3672 	 0.5332 	 0.3414 	1.7982 	 0.4960 	 1.3859 	 
8	1694.4324	105.5892	110.2684	0.6821 	 -0.3662 	 0.5324 	 0.3423 	1.7987 	 0.4956 	 1.3821 	 
8.01	1694.8844	105.3872	110.7996	0.6843 	 -0.3647 	 0.5314 	 0.3411 	1.8036 	 0.4989 	 1.3769 	 
8.03	1696.1736	104.496	112.3503	0.6935 	 -0.3710 	 0.5172 	 0.3376 	1.8423 	 0.4857 	 1.3545 	 
8.06	1699.4732	102.6957	116.4687	0.6910 	 -0.3632 	 0.5126 	 0.3575 	1.8182 	 0.4655 	 1.3329 	 
8.07	1700.3826	102.9469	118.2708	0.6984 	 -0.3647 	 0.5023 	 0.3561 	1.8435 	 0.4577 	 1.3123 	 
8.09	1702.4025	104.2174	121.7893	0.7078 	 -0.3574 	 0.4944 	 0.3561 	1.8625 	 0.4615 	 1.2812 	 
8.1	1703.6515	103.5936	124.0866	0.7088 	 -0.3453 	 0.4978 	 0.3612 	1.8478 	 0.4738 	 1.2673 	 
8.11	1705.1423	103.8181	125.9463	0.7162 	 -0.3481 	 0.4857 	 0.3606 	1.8748 	 0.4609 	 1.2460 	 
8.12	1706.4242	102.1329	128.2695	0.7177 	 -0.3384 	 0.4870 	 0.3651 	1.8656 	 0.4690 	 1.2317 	 
8.16	1712.4516	101.2839	137.8157	0.7342 	 -0.3077 	 0.4742 	 0.3760 	1.8778 	 0.4836 	 1.1509 	 
8.17	1714.2667	101.814	140.2227	0.7409 	 -0.3169 	 0.4597 	 0.3734 	1.9106 	 0.4606 	 1.1369 	 
8.18	1715.8672	100.1594	143.1324	0.7405 	 -0.2982 	 0.4679 	 0.3793 	1.8863 	 0.4857 	 1.1213 	 
8.2	1719.1877	98.4268	148.3751	0.7482 	 -0.2849 	 0.4628 	 0.3805 	1.8971 	 0.4958 	 1.0869 	 
8.21	1721.5416	98.8496	150.7014	0.7513 	 -0.2871 	 0.4549 	 0.3822 	1.9091 	 0.4826 	 1.0753 	 
8.24	1729.1912	99.0696	158.0557	0.7555 	 -0.2716 	 0.4522 	 0.3885 	1.9050 	 0.4919 	 1.0436 	 
8.26	1735.072	100.509	162.202	0.7622 	 -0.2636 	 0.4504 	 0.3830 	1.9220 	 0.5059 	 1.0233 	 
8.27	1738.2241	101.667	164.0848	0.7645 	 -0.2661 	 0.4494 	 0.3778 	1.9342 	 0.5076 	 1.0239 	 
8.29	1745.7938	104.4391	167.2106	0.7678 	 -0.2646 	 0.4531 	 0.3676 	1.9485 	 0.5251 	 1.0247 	 
8.3	1749.7431	106.0085	168.3131	0.7660 	 -0.2629 	 0.4597 	 0.3645 	1.9423 	 0.5382 	 1.0340 	 
8.31	1754.1836	107.0895	169.5096	0.7711 	 -0.2629 	 0.4591 	 0.3543 	1.9647 	 0.5489 	 1.0286 	 
8.34	1769.8487	115.9193	171.407	0.7699 	 -0.2631 	 0.4710 	 0.3410 	1.9676 	 0.5773 	 1.0485 	 
8.36	1781.3138	121.9205	171.6086	0.7764 	 -0.2647 	 0.4722 	 0.3229 	2.0019 	 0.5970 	 1.0465 	 
8.37	1787.5222	124.3302	171.5312	0.7752 	 -0.2657 	 0.4772 	 0.3175 	2.0018 	 0.6079 	 1.0570 	 
8.38	1794.4147	128.1823	171.1642	0.7756 	 -0.2717 	 0.4771 	 0.3115 	2.0120 	 0.6075 	 1.0660 	 
8.39	1801.1801	131.3043	170.7871	0.7737 	 -0.2673 	 0.4862 	 0.3058 	2.0052 	 0.6297 	 1.0752 	 
8.41	1815.6353	137.4062	169.42	0.7717 	 -0.2766 	 0.4915 	 0.2939 	2.0137 	 0.6385 	 1.1004 	 
8.42	1823.0609	140.5635	168.6405	0.7701 	 -0.2772 	 0.4960 	 0.2899 	2.0110 	 0.6475 	 1.1106 	 
8.45	1845.909	150.0296	166.7492	0.7543 	 -0.2807 	 0.5251 	 0.2768 	1.9639 	 0.6902 	 1.1838 	 
8.47	1862.3707	155.6116	165.4546	0.7490 	 -0.2836 	 0.5353 	 0.2683 	1.9521 	 0.7071 	 1.2133 	 
8.48	1870.6005	157.9377	164.8823	0.7446 	 -0.2845 	 0.5420 	 0.2663 	1.9374 	 0.7149 	 1.2325 	 
8.49	1878.8574	160.7423	164.1814	0.7393 	 -0.2870 	 0.5477 	 0.2666 	1.9198 	 0.7167 	 1.2534 	 
8.5	1887.9331	160.6839	163.2774	0.7487 	 -0.3012 	 0.5302 	 0.2600 	1.9744 	 0.6910 	 1.2317 	 
8.52	1904.0487	165.6276	162.88	0.7384 	 -0.3025 	 0.5462 	 0.2549 	1.9399 	 0.7107 	 1.2757 	 
8.55	1929.0824	169.9352	162.1052	0.7310 	 -0.3061 	 0.5556 	 0.2514 	1.9181 	 0.7188 	 1.3085 	 
8.56	1937.432	170.645	161.9512	0.7296 	 -0.3072 	 0.5570 	 0.2512 	1.9140 	 0.7188 	 1.3146 	 
8.58	1953.6038	171.5937	161.2899	0.7281 	 -0.3098 	 0.5585 	 0.2489 	1.9127 	 0.7196 	 1.3235 	 
8.59	1961.6546	171.4385	161.0304	0.7260 	 -0.3089 	 0.5617 	 0.2490 	1.9037 	 0.7231 	 1.3308 	 
8.6	1969.5672	170.9161	160.6764	0.7274 	 -0.3086 	 0.5608 	 0.2473 	1.9095 	 0.7250 	 1.3272 	 
8.62	1985.5235	169.5655	159.9392	0.7242 	 -0.3075 	 0.5645 	 0.2497 	1.8946 	 0.7262 	 1.3366 	 
8.64	2001.4648	167.7356	159.2698	0.7208 	 -0.3061 	 0.5692 	 0.2505 	1.8799 	 0.7305 	 1.3479 	 
8.66	2017.2184	165.091	158.5406	0.7205 	 -0.3014 	 0.5732 	 0.2480 	1.8739 	 0.7428 	 1.3502 	 
8.68	2033.2083	161.7869	157.5801	0.7186 	 -0.2989 	 0.5759 	 0.2504 	1.8624 	 0.7449 	 1.3541 	 
8.69	2040.868	159.8368	157.0599	0.7155 	 -0.2978 	 0.5799 	 0.2512 	1.8488 	 0.7481 	 1.3646 	 
8.7	2049.139	158.3249	156.3995	0.7136 	 -0.2960 	 0.5824 	 0.2529 	1.8388 	 0.7498 	 1.3692 	 
8.71	2057.0756	155.803	155.7088	0.7104 	 -0.2987 	 0.5828 	 0.2576 	1.8281 	 0.7399 	 1.3771 	 
8.73	2072.9599	152.8405	154.4589	0.7051 	 -0.2969 	 0.5874 	 0.2640 	1.8030 	 0.7363 	 1.3896 	 
8.75	2089.3224	148.3749	152.3026	0.6973 	 -0.2909 	 0.6011 	 0.2607 	1.7667 	 0.7567 	 1.4213 	 
8.76	2096.9033	146.5019	151.6177	0.6889 	 -0.2930 	 0.6073 	 0.2661 	1.7364 	 0.7488 	 1.4467 	 
8.78	2113.738	142.6414	149.2529	0.6865 	 -0.2958 	 0.6098 	 0.2635 	1.7320 	 0.7497 	 1.4594 	 
8.8	2129.2673	139.6602	147.327	0.6880 	 -0.3024 	 0.6080 	 0.2561 	1.7488 	 0.7499 	 1.4642 	 
8.81	2138.029	138.2969	145.7298	0.6779 	 -0.3043 	 0.6132 	 0.2681 	1.7115 	 0.7319 	 1.4861 	 
8.83	2153.9803	135.041	143.1151	0.6693 	 -0.3121 	 0.6182 	 0.2692 	1.6918 	 0.7201 	 1.5165 	 
8.85	2169.9914	132.4119	139.7035	0.6634 	 -0.3212 	 0.6212 	 0.2663 	1.6853 	 0.7117 	 1.5418 	 
8.86	2176.3493	131.7272	138.8701	0.6493 	 -0.3270 	 0.6280 	 0.2777 	1.6447 	 0.6866 	 1.5741 	 
8.88	2191.9496	129.3434	135.6766	0.6457 	 -0.3342 	 0.6287 	 0.2758 	1.6444 	 0.6785 	 1.5887 	 
8.89	2198.5479	127.9671	134.2497	0.6419 	 -0.3399 	 0.6292 	 0.2765 	1.6412 	 0.6685 	 1.6000 	 
8.9	2205.6002	126.7734	132.8432	0.6330 	 -0.3422 	 0.6366 	 0.2773 	1.6159 	 0.6639 	 1.6277 	 
8.93	2223.2649	124.7525	127.6074	0.6256 	 -0.3561 	 0.6327 	 0.2854 	1.6159 	 0.6292 	 1.6380 	 
8.95	2233.0292	123.7198	124.3725	0.6173 	 -0.3572 	 0.6401 	 0.2858 	1.5921 	 0.6262 	 1.6630 	 
8.96	2236.9188	123.2431	123.699	0.6176 	 -0.3580 	 0.6373 	 0.2902 	1.5945 	 0.6180 	 1.6551 	 
8.98	2242.9999	123.6366	121.8001	0.6284 	 -0.3622 	 0.6162 	 0.3071 	1.6334 	 0.5847 	 1.5967 	 
8.99	2245.0864	124.3958	120.0764	0.6319 	 -0.3627 	 0.6084 	 0.3146 	1.6442 	 0.5712 	 1.5750 	 
9	2247.1538	124.5048	118.1389	0.6348 	 -0.3628 	 0.6007 	 0.3233 	1.6524 	 0.5563 	 1.5532 	 
9.01	2249.2447	125.4813	116.4662	0.6423 	 -0.3575 	 0.5909 	 0.3323 	1.6655 	 0.5486 	 1.5169 	 
9.09	2252.2909	124.7254	116.6351	0.6598 	 -0.3590 	 0.5704 	 0.3322 	1.7211 	 0.5401 	 1.4640 	 
9.1	2252.2638	124.719	116.6215	0.6598 	 -0.3585 	 0.5708 	 0.3321 	1.7203 	 0.5411 	 1.4642 	 
9.12	2252.2018	125.0596	116.5157	0.6585 	 -0.3576 	 0.5723 	 0.3331 	1.7148 	 0.5416 	 1.4665 	 
9.15	2252.5632	124.79	116.1483	0.6539 	 -0.3497 	 0.5832 	 0.3317 	1.6887 	 0.5593 	 1.4820 	 
9.16	2252.1424	125.1438	116.2011	0.6598 	 -0.3588 	 0.5709 	 0.3318 	1.7206 	 0.5412 	 1.4647 	 
9.18	2252.2723	124.9057	116.2513	0.6595 	 -0.3586 	 0.5710 	 0.3323 	1.7195 	 0.5408 	 1.4649 	 
9.2	2252.4717	124.608	116.188	0.6613 	 -0.3597 	 0.5690 	 0.3310 	1.7270 	 0.5402 	 1.4612 	 
9.21	2252.5354	124.4839	116.1281	0.6620 	 -0.3602 	 0.5681 	 0.3304 	1.7301 	 0.5400 	 1.4599 	 
9.24	2252.4797	124.6402	115.9083	0.6611 	 -0.3597 	 0.5690 	 0.3313 	1.7265 	 0.5399 	 1.4613 	 
9.25	2252.4133	124.7216	115.8678	0.6612 	 -0.3595 	 0.5691 	 0.3313 	1.7263 	 0.5402 	 1.4612 	 
9.28	2252.2429	125.0792	115.7811	0.6600 	 -0.3583 	 0.5706 	 0.3323 	1.7208 	 0.5410 	 1.4631 	 
9.3	2251.8952	124.6834	115.099	0.6617 	 -0.3608 	 0.5691 	 0.3288 	1.7301 	 0.5420 	 1.4634 	 
9.31	2252.2575	125.4479	115.9709	0.6593 	 -0.3557 	 0.5718 	 0.3345 	1.7141 	 0.5421 	 1.4618 	 
9.35	2252.6073	124.8798	115.8854	0.6667 	 -0.3582 	 0.5648 	 0.3290 	1.7416 	 0.5438 	 1.4473 	 
9.36	2252.6336	124.8593	115.9664	0.6672 	 -0.3584 	 0.5642 	 0.3287 	1.7437 	 0.5437 	 1.4461 	 
9.39	2252.7464	124.6715	116.084	0.6682 	 -0.3582 	 0.5634 	 0.3284 	1.7464 	 0.5441 	 1.4436 	 
9.4	2252.761	124.6216	116.112	0.6684 	 -0.3581 	 0.5632 	 0.3283 	1.7470 	 0.5442 	 1.4430 	 
9.41	2252.8184	124.5023	116.1539	0.6687 	 -0.3583 	 0.5628 	 0.3282 	1.7484 	 0.5439 	 1.4422 	 
9.43	2252.9013	124.3213	116.2371	0.6697 	 -0.3583 	 0.5620 	 0.3275 	1.7516 	 0.5446 	 1.4401 	 
9.46	2253.0179	124.0427	116.3225	0.6711 	 -0.3584 	 0.5607 	 0.3268 	1.7561 	 0.5448 	 1.4367 	 
9.48	2253.0897	123.9249	116.3715	0.6718 	 -0.3585 	 0.5600 	 0.3263 	1.7587 	 0.5451 	 1.4351 	 
9.5	2253.1451	123.7857	116.428	0.6727 	 -0.3583 	 0.5594 	 0.3258 	1.7614 	 0.5458 	 1.4330 	 
9.51	2253.1701	123.6697	116.4677	0.6732 	 -0.3583 	 0.5590 	 0.3255 	1.7628 	 0.5462 	 1.4320 	 
9.55	2253.3727	123.3114	116.6429	0.6755 	 -0.3580 	 0.5573 	 0.3240 	1.7700 	 0.5479 	 1.4268 	 
9.58	2253.5757	122.9418	116.8105	0.6772 	 -0.3573 	 0.5564 	 0.3228 	1.7745 	 0.5502 	 1.4229 	 
9.59	2253.6859	122.8057	116.8962	0.6783 	 -0.3571 	 0.5554 	 0.3224 	1.7778 	 0.5505 	 1.4201 	 
9.6	2253.7566	122.6438	116.9577	0.6786 	 -0.3569 	 0.5551 	 0.3224 	1.7786 	 0.5507 	 1.4189 	 
9.61	2253.8904	122.5028	117.1179	0.6795 	 -0.3567 	 0.5545 	 0.3219 	1.7812 	 0.5515 	 1.4168 	 
9.66	2254.6541	121.8415	118.1659	0.6839 	 -0.3542 	 0.5512 	 0.3210 	1.7917 	 0.5544 	 1.4037 	 
9.69	2255.4144	121.2093	119.0623	0.6885 	 -0.3536 	 0.5464 	 0.3200 	1.8059 	 0.5540 	 1.3902 	 
9.7	2255.6929	120.8701	119.4335	0.6905 	 -0.3542 	 0.5438 	 0.3194 	1.8135 	 0.5525 	 1.3845 	 
9.71	2256.083	120.6111	119.7039	0.6925 	 -0.3548 	 0.5412 	 0.3190 	1.8207 	 0.5505 	 1.3789 	 
9.75	2257.8332	118.8998	121.8659	0.6985 	 -0.3496 	 0.5368 	 0.3189 	1.8330 	 0.5550 	 1.3582 	 
9.76	2258.5414	117.9745	123.1816	0.7029 	 -0.3496 	 0.5323 	 0.3168 	1.8479 	 0.5548 	 1.3467 	 
9.78	2260.69	117.5311	126.8733	0.7114 	 -0.3444 	 0.5258 	 0.3142 	1.8699 	 0.5607 	 1.3206 	 
9.8	2262.7705	116.3136	130.3042	0.7185 	 -0.3328 	 0.5199 	 0.3205 	1.8759 	 0.5631 	 1.2856 	 
9.81	2264.0297	115.55	132.3155	0.7240 	 -0.3276 	 0.5157 	 0.3202 	1.8879 	 0.5668 	 1.2655 	 
9.85	2270.1879	109.2986	140.6268	0.7435 	 -0.2990 	 0.4966 	 0.3334 	1.9155 	 0.5693 	 1.1708 	 
9.88	2274.7518	105.3924	149.1988	0.7540 	 -0.2634 	 0.4993 	 0.3358 	1.9151 	 0.6139 	 1.1111 	 
9.89	2276.9615	103.9046	151.9984	0.7598 	 -0.2553 	 0.4939 	 0.3370 	1.9277 	 0.6169 	 1.0838 	 
9.9	2279.2994	102.8794	154.9991	0.7628 	 -0.2459 	 0.4939 	 0.3372 	1.9303 	 0.6282 	 1.0662 	 
9.93	2288.312	100.439	163.8068	0.7772 	 -0.2286 	 0.4824 	 0.3331 	1.9714 	 0.6405 	 1.0046 	 
9.95	2294.626	99.5608	168.5967	0.7803 	 -0.2212 	 0.4845 	 0.3278 	1.9809 	 0.6573 	 0.9925 	 
9.96	2297.924	98.9767	170.4864	0.7847 	 -0.2231 	 0.4778 	 0.3258 	1.9994 	 0.6491 	 0.9799 	 
9.98	2305.52	101.6176	174.2331	0.7709 	 -0.2190 	 0.5041 	 0.3218 	1.9486 	 0.6898 	 1.0321 	 
9.99	2310.9467	101.7431	175.5442	0.7878 	 -0.2277 	 0.4833 	 0.3065 	2.0269 	 0.6711 	 0.9909 	 
10.01	2321.0016	106.9502	177.8607	0.7718 	 -0.2256 	 0.5095 	 0.3064 	1.9658 	 0.7052 	 1.0498 	 
10.03	2332.7997	112.4842	179.1167	0.7680 	 -0.2289 	 0.5195 	 0.2963 	1.9604 	 0.7240 	 1.0766 	 
10.05	2344.9014	117.0277	179.2951	0.7670 	 -0.2370 	 0.5210 	 0.2899 	1.9667 	 0.7232 	 1.0929 	 
10.08	2365.0777	125.8932	178.2892	0.7608 	 -0.2436 	 0.5297 	 0.2849 	1.9511 	 0.7306 	 1.1266 	 
10.09	2372.1499	128.6869	177.8316	0.7600 	 -0.2468 	 0.5297 	 0.2845 	1.9505 	 0.7271 	 1.1327 	 
10.11	2386.937	134.0207	176.4464	0.7564 	 -0.2516 	 0.5346 	 0.2807 	1.9430 	 0.7309 	 1.1536 	 
10.15	2418.4539	143.9862	173.3457	0.7480 	 -0.2656 	 0.5448 	 0.2705 	1.9293 	 0.7360 	 1.2048 	 
10.17	2434.9369	147.8694	171.5119	0.7435 	 -0.2702 	 0.5510 	 0.2658 	1.9191 	 0.7418 	 1.2293 	 
10.19	2451.4766	150.9329	170.0871	0.7403 	 -0.2719 	 0.5590 	 0.2561 	1.9137 	 0.7593 	 1.2522 	 
10.2	2460.0462	152.3792	169.8549	0.7424 	 -0.2712 	 0.5624 	 0.2429 	1.9291 	 0.7801 	 1.2558 	 
10.24	2493.467	154.5497	167.1287	0.7375 	 -0.2685 	 0.5767 	 0.2267 	1.9167 	 0.8167 	 1.2885 	 
10.26	2509.8554	153.8215	166.1756	0.7383 	 -0.2636 	 0.5802 	 0.2209 	1.9184 	 0.8334 	 1.2879 	 
10.28	2527.0737	153.0978	165.0667	0.7347 	 -0.2586 	 0.5886 	 0.2165 	1.9007 	 0.8524 	 1.3045 	 
10.3	2545.0055	151.6116	163.5137	0.7383 	 -0.2618 	 0.5846 	 0.2114 	1.9229 	 0.8517 	 1.2949 	 
10.33	2571.319	149.3924	162.8294	0.7243 	 -0.2531 	 0.6065 	 0.2086 	1.8540 	 0.8836 	 1.3544 	 
10.35	2588.7039	147.5321	162.0302	0.7257 	 -0.2478 	 0.6090 	 0.2029 	1.8578 	 0.8999 	 1.3511 	 
10.38	2616.0036	144.4702	160.2939	0.7180 	 -0.2491 	 0.6173 	 0.2034 	1.8240 	 0.9029 	 1.3861 	 
10.4	2634.0837	142.5695	158.8104	0.7125 	 -0.2527 	 0.6214 	 0.2059 	1.8022 	 0.8970 	 1.4096 	 
10.41	2643.4011	140.7373	158.3638	0.7025 	 -0.2565 	 0.6284 	 0.2141 	1.7587 	 0.8836 	 1.4465 	 
10.43	2661.97	139.2562	156.3804	0.6925 	 -0.2653 	 0.6326 	 0.2233 	1.7243 	 0.8597 	 1.4807 	 
10.47	2697.4069	136.9974	152.3031	0.6834 	 -0.2856 	 0.6332 	 0.2245 	1.7153 	 0.8290 	 1.5191 	 
10.49	2714.9976	134.958	149.5347	0.6739 	 -0.3059 	 0.6298 	 0.2358 	1.7059 	 0.7819 	 1.5432 	 
10.5	2723.2485	134.2668	147.7888	0.6622 	 -0.3110 	 0.6370 	 0.2429 	1.6686 	 0.7651 	 1.5777 	 
10.51	2731.4512	133.8979	146.4641	0.6598 	 -0.3175 	 0.6361 	 0.2433 	1.6701 	 0.7544 	 1.5859 	 
10.56	2768.3472	130.8176	138.0471	0.6358 	 -0.3436 	 0.6424 	 0.2550 	1.6289 	 0.6965 	 1.6511 	 
10.58	2779.8154	129.5556	135.0156	0.6221 	 -0.3429 	 0.6517 	 0.2658 	1.5827 	 0.6798 	 1.6798 	 
10.6	2788.5117	130.5745	133.9315	0.6343 	 -0.3534 	 0.6273 	 0.2815 	1.6387 	 0.6395 	 1.6167 	 
10.61	2791.0689	130.7301	132.3422	0.6387 	 -0.3536 	 0.6167 	 0.2943 	1.6519 	 0.6184 	 1.5841 	 
10.64	2797.4634	132.997	127.4445	0.6549 	 -0.3551 	 0.5883 	 0.3146 	1.7024 	 0.5789 	 1.5042 	 
10.65	2798.6724	134.764	127.4329	0.6644 	 -0.3504 	 0.5805 	 0.3144 	1.7253 	 0.5836 	 1.4741 	 
10.67	2799.9254	134.3676	127.1862	0.6679 	 -0.3498 	 0.5765 	 0.3149 	1.7355 	 0.5821 	 1.4622 	 
10.69	2800.8707	133.6383	127.2858	0.6724 	 -0.3511 	 0.5722 	 0.3118 	1.7523 	 0.5830 	 1.4523 	 
10.7	2800.9358	133.6539	127.297	0.6729 	 -0.3523 	 0.5708 	 0.3120 	1.7557 	 0.5803 	 1.4508 	 
10.74	2801.1486	133.5981	127.547	0.6729 	 -0.3510 	 0.5711 	 0.3129 	1.7536 	 0.5810 	 1.4493 	 
10.75	2801.1566	133.7833	127.5199	0.6729 	 -0.3512 	 0.5707 	 0.3132 	1.7539 	 0.5802 	 1.4487 	 
10.77	2801.1843	133.9103	127.4867	0.6728 	 -0.3508 	 0.5709 	 0.3136 	1.7529 	 0.5801 	 1.4484 	 
10.78	2801.4668	133.5155	127.7685	0.6778 	 -0.3512 	 0.5659 	 0.3114 	1.7700 	 0.5804 	 1.4356 	 
10.8	2801.625	133.0432	127.4583	0.6822 	 -0.3539 	 0.5612 	 0.3072 	1.7894 	 0.5804 	 1.4272 	 
10.81	2801.6687	132.9349	127.4909	0.6822 	 -0.3536 	 0.5616 	 0.3070 	1.7887 	 0.5813 	 1.4277 	 
10.84	2801.635	133.0794	127.3076	0.6813 	 -0.3536 	 0.5622 	 0.3079 	1.7857 	 0.5803 	 1.4293 	 
10.85	2801.6433	133.0828	127.2503	0.6791 	 -0.3505 	 0.5662 	 0.3089 	1.7738 	 0.5853 	 1.4347 	 
10.87	2801.6134	133.1529	127.1308	0.6796 	 -0.3501 	 0.5660 	 0.3083 	1.7752 	 0.5866 	 1.4335 	 
10.88	2801.5503	133.3069	127.0953	0.6795 	 -0.3496 	 0.5666 	 0.3084 	1.7737 	 0.5876 	 1.4339 	 
10.9	2801.4691	133.5278	127.0437	0.6789 	 -0.3489 	 0.5672 	 0.3091 	1.7709 	 0.5878 	 1.4346 	 
10.92	2801.4368	133.7337	127.0581	0.6790 	 -0.3479 	 0.5678 	 0.3090 	1.7698 	 0.5897 	 1.4343 	 
10.95	2802.5957	134.3884	127.1834	0.6778 	 -0.3460 	 0.5696 	 0.3105 	1.7624 	 0.5911 	 1.4360 	 
10.97	2802.6498	134.4371	127.3067	0.6777 	 -0.3451 	 0.5701 	 0.3109 	1.7608 	 0.5921 	 1.4356 	 
10.99	2802.7495	134.2721	127.4378	0.6785 	 -0.3450 	 0.5693 	 0.3106 	1.7634 	 0.5924 	 1.4332 	 
11	2802.8167	134.1793	127.5031	0.6790 	 -0.3446 	 0.5689 	 0.3106 	1.7645 	 0.5926 	 1.4316 	 
11.02	2802.9482	133.8981	127.6164	0.6804 	 -0.3444 	 0.5679 	 0.3098 	1.7688 	 0.5936 	 1.4283 	 
11.05	2802.0415	132.9741	127.7296	0.6838 	 -0.3455 	 0.5642 	 0.3078 	1.7821 	 0.5930 	 1.4200 	 
11.07	2802.1582	132.7702	127.8209	0.6850 	 -0.3455 	 0.5631 	 0.3071 	1.7862 	 0.5935 	 1.4170 	 
11.09	2802.1624	132.353	128.048	0.6873 	 -0.3457 	 0.5610 	 0.3057 	1.7943 	 0.5942 	 1.4114 	 
11.11	2802.2554	132.1891	128.1393	0.6882 	 -0.3457 	 0.5601 	 0.3052 	1.7977 	 0.5943 	 1.4087 	 
11.13	2802.4025	131.9587	128.249	0.6897 	 -0.3459 	 0.5585 	 0.3046 	1.8028 	 0.5939 	 1.4049 	 
11.16	2802.6846	131.5371	128.4842	0.6924 	 -0.3460 	 0.5557 	 0.3035 	1.8123 	 0.5937 	 1.3973 	 
11.18	2802.928	131.238	128.6236	0.6943 	 -0.3458 	 0.5539 	 0.3027 	1.8185 	 0.5941 	 1.3922 	 
11.19	2803.0501	131.1441	128.7422	0.6954 	 -0.3456 	 0.5529 	 0.3022 	1.8222 	 0.5944 	 1.3891 	 
11.21	2803.4097	130.7531	129.074	0.6979 	 -0.3450 	 0.5506 	 0.3012 	1.8301 	 0.5953 	 1.3817 	 
11.24	2804.1111	130.2956	129.7013	0.7016 	 -0.3436 	 0.5472 	 0.3005 	1.8407 	 0.5960 	 1.3700 	 
11.26	2804.7362	130.2014	130.2157	0.7023 	 -0.3428 	 0.5461 	 0.3019 	1.8413 	 0.5944 	 1.3658 	 
11.28	2805.1861	129.6867	131.0924	0.7040 	 -0.3387 	 0.5456 	 0.3031 	1.8412 	 0.5979 	 1.3574 	 
11.29	2805.5515	129.5899	131.4588	0.7044 	 -0.3375 	 0.5451 	 0.3044 	1.8405 	 0.5975 	 1.3540 	 
11.3	2806.2051	129.36	131.9401	0.7061 	 -0.3389 	 0.5423 	 0.3040 	1.8481 	 0.5941 	 1.3494 	 
11.34	2809.157	127.3066	136.1828	0.7124 	 -0.3307 	 0.5369 	 0.3080 	1.8572 	 0.5960 	 1.3207 	 
11.36	2811.6126	127.2853	140.1482	0.7176 	 -0.3252 	 0.5305 	 0.3128 	1.8659 	 0.5919 	 1.2955 	 
11.38	2814.257	126.0252	144.3202	0.7278 	 -0.3198 	 0.5181 	 0.3156 	1.8929 	 0.5851 	 1.2554 	 
11.4	2817.1342	124.9635	148.5304	0.7331 	 -0.3085 	 0.5126 	 0.3235 	1.8946 	 0.5847 	 1.2230 	 
11.41	2818.4443	123.5355	151.0364	0.7409 	 -0.2989 	 0.5072 	 0.3232 	1.9106 	 0.5925 	 1.1920 	 
11.45	2825.1565	120.4409	161.3905	0.7578 	 -0.2739 	 0.4933 	 0.3275 	1.9423 	 0.6044 	 1.1136 	 
11.46	2827.1901	118.4766	164.3976	0.7683 	 -0.2673 	 0.4827 	 0.3246 	1.9745 	 0.6043 	 1.0755 	 
11.48	2831.6175	117.0387	169.9088	0.7720 	 -0.2587 	 0.4796 	 0.3273 	1.9788 	 0.6078 	 1.0532 	 
11.5	2836.7164	116.0083	174.9799	0.7779 	 -0.2495 	 0.4764 	 0.3251 	1.9937 	 0.6174 	 1.0275 	 
11.51	2839.5161	116.1449	177.0381	0.7805 	 -0.2452 	 0.4754 	 0.3234 	2.0010 	 0.6230 	 1.0162 	 
11.54	2848.0274	118.022	183.1756	0.7674 	 -0.2079 	 0.5288 	 0.2972 	1.9434 	 0.7587 	 1.0606 	 
11.55	2852.2684	118.587	184.4307	0.7764 	 -0.2141 	 0.5152 	 0.2932 	1.9852 	 0.7403 	 1.0340 	 
11.57	2860.9816	121.084	186.7051	0.7779 	 -0.2177 	 0.5191 	 0.2794 	2.0032 	 0.7559 	 1.0434 	 
11.58	2865.7391	122.877	187.5226	0.7794 	 -0.2209 	 0.5199 	 0.2709 	2.0178 	 0.7625 	 1.0468 	 
11.6	2876.2458	127.1747	188.3507	0.7796 	 -0.2198 	 0.5238 	 0.2636 	2.0240 	 0.7767 	 1.0505 	 
11.61	2882.2076	129.7238	188.1698	0.7812 	 -0.2252 	 0.5220 	 0.2580 	2.0379 	 0.7745 	 1.0534 	 
11.65	2907.7115	138.5577	187.7632	0.7823 	 -0.2389 	 0.5203 	 0.2454 	2.0617 	 0.7708 	 1.0699 	 
11.66	2914.5873	143.0261	188.0275	0.7735 	 -0.2351 	 0.5321 	 0.2517 	2.0186 	 0.7822 	 1.0976 	 
11.68	2929.5464	148.0527	187.9951	0.7656 	 -0.2413 	 0.5411 	 0.2507 	1.9915 	 0.7861 	 1.1356 	 
11.69	2937.2716	150.5015	187.2827	0.7639 	 -0.2500 	 0.5409 	 0.2479 	1.9936 	 0.7787 	 1.1512 	 
11.7	2944.8459	152.516	187.0528	0.7612 	 -0.2536 	 0.5433 	 0.2474 	1.9858 	 0.7777 	 1.1653 	 
11.73	2968.8567	159.0757	186.3756	0.7517 	 -0.2653 	 0.5502 	 0.2489 	1.9570 	 0.7685 	 1.2098 	 
11.75	2985.4232	161.8502	184.9552	0.7543 	 -0.2804 	 0.5387 	 0.2494 	1.9814 	 0.7380 	 1.2083 	 
11.77	3002.3848	164.6085	184.3055	0.7508 	 -0.2922 	 0.5369 	 0.2505 	1.9786 	 0.7206 	 1.2277 	 
11.79	3018.6902	167.412	183.6324	0.7592 	 -0.3079 	 0.5177 	 0.2464 	2.0298 	 0.6872 	 1.2080 	 
11.8	3027.1889	169.3971	183.3153	0.7463 	 -0.3081 	 0.5323 	 0.2544 	1.9764 	 0.6917 	 1.2493 	 
11.81	3035.5353	170.0414	183.2889	0.7395 	 -0.3108 	 0.5386 	 0.2576 	1.9521 	 0.6901 	 1.2726 	 
11.85	3069.0879	172.9034	182.8697	0.7279 	 -0.3128 	 0.5513 	 0.2616 	1.9091 	 0.6931 	 1.3125 	 
11.87	3085.512	172.2434	182.29	0.6957 	 -0.2823 	 0.6064 	 0.2621 	1.7490 	 0.7695 	 1.4237 	 
11.89	3102.6582	172.6505	180.873	0.7213 	 -0.3146 	 0.5589 	 0.2613 	1.8873 	 0.6971 	 1.3376 	 
11.9	3110.7968	171.8743	180.7593	0.7194 	 -0.3155 	 0.5607 	 0.2618 	1.8810 	 0.6965 	 1.3445 	 
11.92	3127.1655	172.0849	179.4961	0.7222 	 -0.3073 	 0.5639 	 0.2569 	1.8836 	 0.7163 	 1.3364 	 
11.95	3152.2697	169.7294	177.766	0.7257 	 -0.3086 	 0.5648 	 0.2433 	1.9050 	 0.7335 	 1.3377 	 
11.97	3169.9174	166.5084	175.2026	0.7192 	 -0.3101 	 0.5677 	 0.2536 	1.8773 	 0.7199 	 1.3520 	 
11.98	3178.7816	164.8135	174.8017	0.6965 	 -0.2861 	 0.6083 	 0.2512 	1.7603 	 0.7804 	 1.4348 	 
11.99	3187.9324	162.2866	173.0108	0.6906 	 -0.2892 	 0.6086 	 0.2627 	1.7386 	 0.7596 	 1.4438 	 
12	3195.4828	163.4322	173.1518	0.6744 	 -0.2633 	 0.6430 	 0.2498 	1.6423 	 0.8268 	 1.5197 	 
12.04	3230.2174	158.0129	169.2368	0.6930 	 -0.3104 	 0.5953 	 0.2627 	1.7767 	 0.7236 	 1.4389 	 
12.05	3238.8052	157.1052	168.2751	0.6904 	 -0.3119 	 0.5975 	 0.2628 	1.7693 	 0.7222 	 1.4486 	 
12.06	3249.7861	149.6161	165.2528	0.7007 	 -0.2908 	 0.6102 	 0.2283 	1.7911 	 0.8071 	 1.4458 	 
12.08	3267.4471	146.5779	162.6839	0.6895 	 -0.2924 	 0.6217 	 0.2293 	1.7483 	 0.8084 	 1.4896 	 
12.09	3275.6708	145.6194	161.6054	0.6847 	 -0.2931 	 0.6264 	 0.2302 	1.7297 	 0.8077 	 1.5078 	 
12.11	3292.3275	143.51	159.2507	0.6783 	 -0.2981 	 0.6313 	 0.2292 	1.7123 	 0.8034 	 1.5344 	 
12.12	3300.3526	142.702	158.247	0.6754 	 -0.3008 	 0.6332 	 0.2289 	1.7052 	 0.8005 	 1.5462 	 
12.15	3323.0428	141.9676	154.2621	0.6527 	 -0.3123 	 0.6475 	 0.2391 	1.6365 	 0.7698 	 1.6176 	 
12.18	3343.7241	140.8357	150.3823	0.6450 	 -0.3264 	 0.6472 	 0.2422 	1.6321 	 0.7433 	 1.6396 	 
12.2	3355.4235	140.7854	147.7584	0.6413 	 -0.3341 	 0.6463 	 0.2437 	1.6321 	 0.7290 	 1.6497 	 
12.21	3360.7565	140.3868	146.0925	0.6412 	 -0.3381 	 0.6445 	 0.2434 	1.6388 	 0.7234 	 1.6499 	 
12.24	3372.977	140.6246	143.4849	0.6488 	 -0.3442 	 0.6283 	 0.2564 	1.6735 	 0.6930 	 1.6053 	 
12.26	3377.0045	142.1246	140.8125	0.6530 	 -0.3407 	 0.6164 	 0.2785 	1.6787 	 0.6627 	 1.5607 	 
12.27	3378.4472	144.013	139.1839	0.6673 	 -0.3601 	 0.5864 	 0.2848 	1.7555 	 0.6157 	 1.5060 	 
12.29	3381.8892	146.0072	136.4718	0.6772 	 -0.3495 	 0.5748 	 0.2981 	1.7686 	 0.6066 	 1.4550 	 
12.3	3383.191	147.2372	135.8899	0.6857 	 -0.3454 	 0.5648 	 0.3024 	1.7898 	 0.6013 	 1.4206 	 
12.33	3385.374	146.6318	136.6153	0.6937 	 -0.3473 	 0.5569 	 0.2967 	1.8204 	 0.6023 	 1.4020 	 
12.35	3385.5778	146.4978	136.6322	0.6950 	 -0.3435 	 0.5575 	 0.2970 	1.8194 	 0.6076 	 1.3965 	 
12.37	3385.6429	146.3312	136.7414	0.6953 	 -0.3448 	 0.5565 	 0.2967 	1.8223 	 0.6055 	 1.3961 	 
12.38	3385.6408	146.3658	136.5652	0.6951 	 -0.3447 	 0.5569 	 0.2966 	1.8215 	 0.6062 	 1.3969 	 
12.39	3385.628	146.306	136.6005	0.6954 	 -0.3450 	 0.5564 	 0.2964 	1.8231 	 0.6057 	 1.3960 	 
12.4	3385.6099	146.4863	136.4892	0.6950 	 -0.3452 	 0.5565 	 0.2968 	1.8219 	 0.6048 	 1.3970 	 
12.43	3385.8035	146.0571	136.3927	0.6851 	 -0.3280 	 0.5779 	 0.2984 	1.7637 	 0.6387 	 1.4246 	 
12.46	3385.9571	146.0242	136.4854	0.6867 	 -0.3276 	 0.5770 	 0.2970 	1.7689 	 0.6407 	 1.4212 	 
12.48	3383.8728	150.898	138.0877	0.6553 	 -0.3190 	 0.6017 	 0.3268 	1.6475 	 0.6188 	 1.4818 	 
12.5	3384.7347	148.6227	137.2729	0.6827 	 -0.3374 	 0.5684 	 0.3115 	1.7660 	 0.6015 	 1.4170 	 
12.51	3385.5901	146.3753	136.0909	0.7057 	 -0.3523 	 0.5399 	 0.2940 	1.8686 	 0.5882 	 1.3665 	 
12.54	3384.6405	148.6656	136.9317	0.6837 	 -0.3384 	 0.5663 	 0.3120 	1.7703 	 0.5983 	 1.4134 	 
12.55	3384.5548	148.9967	137.0499	0.6824 	 -0.3368 	 0.5689 	 0.3118 	1.7640 	 0.6022 	 1.4175 	 
12.57	3385.129	147.8767	136.8053	0.6814 	 -0.3253 	 0.5794 	 0.3069 	1.7454 	 0.6310 	 1.4254 	 
12.59	3385.8317	148.679	137.4724	0.6721 	 -0.3275 	 0.5863 	 0.3119 	1.7165 	 0.6234 	 1.4499 	 
12.6	3385.1796	147.9567	136.9341	0.6817 	 -0.3248 	 0.5793 	 0.3070 	1.7456 	 0.6314 	 1.4242 	 
12.63	3384.664	149.0162	137.3409	0.6879 	 -0.3380 	 0.5625 	 0.3101 	1.7841 	 0.5995 	 1.4019 	 
12.65	3385.9829	146.5336	136.3651	0.7009 	 -0.3434 	 0.5505 	 0.2965 	1.8391 	 0.6041 	 1.3774 	 
12.68	3386.208	146.3409	136.7979	0.7014 	 -0.3420 	 0.5516 	 0.2948 	1.8395 	 0.6090 	 1.3773 	 
12.69	3386.3085	146.1334	136.8604	0.7024 	 -0.3419 	 0.5506 	 0.2942 	1.8431 	 0.6094 	 1.3747 	 
12.71	3386.5032	145.794	136.979	0.7041 	 -0.3421 	 0.5488 	 0.2933 	1.8494 	 0.6092 	 1.3702 	 
12.75	3386.7796	145.2727	137.1881	0.7069 	 -0.3418 	 0.5463 	 0.2915 	1.8593 	 0.6102 	 1.3624 	 
12.76	3386.8598	145.1642	137.2437	0.7076 	 -0.3417 	 0.5457 	 0.2911 	1.8616 	 0.6106 	 1.3607 	 
12.78	3387.0922	144.7206	137.2914	0.7083 	 -0.3420 	 0.5442 	 0.2920 	1.8640 	 0.6079 	 1.3573 	 
12.79	3387.1799	144.6008	137.3947	0.7091 	 -0.3417 	 0.5436 	 0.2914 	1.8666 	 0.6086 	 1.3552 	 
12.8	3387.2965	144.4616	137.4866	0.7097 	 -0.3412 	 0.5432 	 0.2912 	1.8680 	 0.6094 	 1.3533 	 
12.81	3387.4171	144.3231	137.5687	0.7102 	 -0.3404 	 0.5432 	 0.2909 	1.8689 	 0.6110 	 1.3516 	 
12.88	3388.9117	142.9118	138.6875	0.7225 	 -0.3421 	 0.5277 	 0.2871 	1.9150 	 0.6018 	 1.3146 	 
12.91	3389.8024	142.327	139.751	0.7220 	 -0.3373 	 0.5305 	 0.2891 	1.9060 	 0.6077 	 1.3125 	 
12.92	3390.2176	142.0429	140.2311	0.7230 	 -0.3367 	 0.5291 	 0.2897 	1.9085 	 0.6066 	 1.3081 	 
12.93	3390.6654	141.8275	140.7508	0.7242 	 -0.3358 	 0.5277 	 0.2904 	1.9110 	 0.6056 	 1.3030 	 
13	3396.8274	139.4729	149.2281	0.7396 	 -0.3187 	 0.5130 	 0.2970 	1.9409 	 0.6060 	 1.2354 	 
13.04	3401.904	138.2969	157.5098	0.7529 	 -0.2996 	 0.4988 	 0.3076 	1.9607 	 0.6026 	 1.1682 	 
13.05	3403.5101	137.1511	159.7507	0.7508 	 -0.2807 	 0.5122 	 0.3084 	1.9337 	 0.6386 	 1.1639 	 
13.07	3406.6095	135.9361	164.5218	0.7583 	 -0.2665 	 0.5053 	 0.3141 	1.9441 	 0.6420 	 1.1221 	 
13.08	3408.4716	134.7888	167.1834	0.7626 	 -0.2601 	 0.5022 	 0.3138 	1.9543 	 0.6469 	 1.1024 	 
13.1	3412.006	132.6964	172.4948	0.7683 	 -0.2439 	 0.4972 	 0.3209 	1.9575 	 0.6528 	 1.0625 	 
13.11	3413.9448	131.3779	175.4511	0.7738 	 -0.2383 	 0.4932 	 0.3181 	1.9750 	 0.6582 	 1.0409 	 
13.14	3420.6095	128.3904	184.6613	0.7822 	 -0.2141 	 0.4895 	 0.3206 	1.9882 	 0.6796 	 0.9863 	 
13.18	3431.8352	126.6465	195.2099	0.7967 	 -0.1950 	 0.4731 	 0.3217 	2.0309 	 0.6793 	 0.9118 	 
13.19	3435.2329	126.7181	197.1504	0.7971 	 -0.1911 	 0.4731 	 0.3229 	2.0300 	 0.6826 	 0.9048 	 
13.2	3439.0187	127.2466	199.1413	0.7975 	 -0.1889 	 0.4731 	 0.3232 	2.0303 	 0.6847 	 0.9008 	 
13.24	3456.976	131.628	204.9191	0.7993 	 -0.2011 	 0.4738 	 0.3102 	2.0522 	 0.6850 	 0.9184 	 
13.26	3468.2673	135.5844	206.6619	0.7976 	 -0.2097 	 0.4765 	 0.3048 	2.0542 	 0.6844 	 0.9383 	 
13.28	3480.4759	139.7579	207.4638	0.7940 	 -0.2128 	 0.4861 	 0.2966 	2.0492 	 0.7019 	 0.9617 	 
13.3	3493.3199	144.4355	207.2753	0.7936 	 -0.2204 	 0.4846 	 0.2944 	2.0536 	 0.6938 	 0.9725 	 
13.31	3500.42	147.1815	207.1401	0.7935 	 -0.2246 	 0.4860 	 0.2893 	2.0595 	 0.6963 	 0.9811 	 
13.34	3522.5718	154.0151	205.6115	0.7885 	 -0.2329 	 0.4940 	 0.2827 	2.0508 	 0.7042 	 1.0130 	 
13.36	3538.8701	159.2476	204.1911	0.7847 	 -0.2407 	 0.4994 	 0.2773 	2.0458 	 0.7079 	 1.0388 	 
13.37	3547.0366	161.453	203.3855	0.7834 	 -0.2446 	 0.5013 	 0.2743 	2.0456 	 0.7091 	 1.0498 	 
13.39	3563.9205	165.5185	201.9952	0.7797 	 -0.2507 	 0.5065 	 0.2697 	2.0394 	 0.7136 	 1.0726 	 
13.4	3572.4311	167.166	201.2505	0.7771 	 -0.2537 	 0.5102 	 0.2672 	2.0338 	 0.7173 	 1.0868 	 
13.43	3598.7936	172.9641	197.9937	0.7818 	 -0.2791 	 0.4939 	 0.2588 	2.0782 	 0.6786 	 1.0952 	 
13.44	3608.0204	174.4017	197.0777	0.7793 	 -0.2809 	 0.4981 	 0.2562 	2.0725 	 0.6846 	 1.1078 	 
13.46	3625.8743	176.673	195.5678	0.7742 	 -0.2846 	 0.5052 	 0.2538 	2.0583 	 0.6915 	 1.1314 	 
13.48	3644.999	176.7617	193.6753	0.7620 	 -0.2698 	 0.5362 	 0.2429 	2.0064 	 0.7561 	 1.1765 	 
13.49	3654.3145	176.9906	192.7601	0.7613 	 -0.2717 	 0.5374 	 0.2403 	2.0072 	 0.7583 	 1.1827 	 
13.5	3663.5289	177.0039	191.9732	0.7586 	 -0.2714 	 0.5422 	 0.2386 	1.9974 	 0.7657 	 1.1946 	 
13.54	3700.7359	177.119	189.5358	0.7424 	 -0.2642 	 0.5695 	 0.2339 	1.9278 	 0.8067 	 1.2600 	 
13.56	3719.5641	175.351	187.6983	0.7366 	 -0.2611 	 0.5753 	 0.2412 	1.8966 	 0.8062 	 1.2753 	 
13.57	3729.2853	173.9445	186.8688	0.7369 	 -0.2622 	 0.5755 	 0.2390 	1.9000 	 0.8078 	 1.2770 	 
13.59	3748.4643	171.9366	185.4038	0.7306 	 -0.2605 	 0.5832 	 0.2411 	1.8713 	 0.8134 	 1.2998 	 
13.6	3758.8129	169.3438	183.808	0.7428 	 -0.2729 	 0.5616 	 0.2417 	1.9333 	 0.7788 	 1.2561 	 
13.63	3787.359	166.1141	181.7685	0.7405 	 -0.2890 	 0.5537 	 0.2482 	1.9369 	 0.7429 	 1.2677 	 
13.68	3837.0646	157.292	177.4972	0.7244 	 -0.2932 	 0.5691 	 0.2556 	1.8758 	 0.7406 	 1.3241 	 
13.7	3857.4176	152.7597	175.1855	0.7269 	 -0.3042 	 0.5612 	 0.2534 	1.8990 	 0.7229 	 1.3214 	 
13.71	3866.7989	152.0596	174.3058	0.7126 	 -0.3010 	 0.5779 	 0.2601 	1.8380 	 0.7302 	 1.3669 	 
13.75	3906.0552	145.6861	169.907	0.6893 	 -0.3153 	 0.5948 	 0.2678 	1.7685 	 0.7090 	 1.4471 	 
13.76	3915.6042	143.502	168.4164	0.6925 	 -0.3233 	 0.5886 	 0.2638 	1.7924 	 0.7005 	 1.4421 	 
13.78	3933.5796	142.3123	166.1686	0.6681 	 -0.3260 	 0.6094 	 0.2756 	1.7076 	 0.6875 	 1.5129 	 
13.8	3951.063	139.676	163.3152	0.6678 	 -0.3417 	 0.6030 	 0.2716 	1.7312 	 0.6683 	 1.5207 	 
13.81	3958.8168	139.0495	161.9671	0.6546 	 -0.3428 	 0.6135 	 0.2786 	1.6875 	 0.6588 	 1.5553 	 
13.85	3987.6257	136.277	155.3969	0.6423 	 -0.3611 	 0.6171 	 0.2763 	1.6776 	 0.6349 	 1.5985 	 
13.86	3993.4107	135.6692	153.5693	0.6394 	 -0.3622 	 0.6182 	 0.2789 	1.6699 	 0.6292 	 1.6040 	 
13.88	4002.6317	135.8202	152.1404	0.6390 	 -0.3604 	 0.6178 	 0.2830 	1.6653 	 0.6255 	 1.5992 	 
13.9	4007.9522	136.9039	149.7128	0.6485 	 -0.3655 	 0.5962 	 0.3007 	1.7012 	 0.5865 	 1.5444 	 
13.92	4011.1672	138.9083	145.8105	0.6521 	 -0.3579 	 0.5890 	 0.3159 	1.6979 	 0.5729 	 1.5114 	 
13.95	4014.0461	142.4796	146.4812	0.6563 	 -0.3357 	 0.5942 	 0.3218 	1.6761 	 0.5990 	 1.4877 	 
13.96	4014.8426	141.4089	147.0041	0.6625 	 -0.3432 	 0.5853 	 0.3172 	1.7080 	 0.5918 	 1.4752 	 
13.97	4015.1206	140.8763	147.1309	0.6645 	 -0.3421 	 0.5853 	 0.3144 	1.7131 	 0.5977 	 1.4728 	 
13.99	4015.3352	140.6753	147.1716	0.6668 	 -0.3408 	 0.5836 	 0.3141 	1.7184 	 0.5996 	 1.4658 	 
14	4015.2956	141.335	147.9076	0.6631 	 -0.3400 	 0.5847 	 0.3207 	1.7042 	 0.5912 	 1.4683 	 
14.01	4015.3624	141.3166	147.9163	0.6637 	 -0.3398 	 0.5843 	 0.3203 	1.7061 	 0.5919 	 1.4668 	 
14.04	4015.2276	141.5077	147.8076	0.6637 	 -0.3404 	 0.5836 	 0.3209 	1.7069 	 0.5899 	 1.4658 	 
14.06	4015.3118	141.5672	147.7332	0.6623 	 -0.3380 	 0.5864 	 0.3212 	1.6988 	 0.5941 	 1.4696 	 
14.07	4015.5933	141.2419	147.6602	0.6596 	 -0.3337 	 0.5924 	 0.3205 	1.6836 	 0.6035 	 1.4790 	 
14.09	4015.5287	141.5886	147.9328	0.6637 	 -0.3383 	 0.5844 	 0.3218 	1.7035 	 0.5919 	 1.4645 	 
14.11	4015.6036	141.4016	147.8125	0.6647 	 -0.3387 	 0.5836 	 0.3209 	1.7074 	 0.5925 	 1.4627 	 
14.13	4015.6085	141.3977	147.6977	0.6651 	 -0.3387 	 0.5833 	 0.3204 	1.7089 	 0.5929 	 1.4620 	 
14.15	4015.5598	141.5677	147.5232	0.6645 	 -0.3384 	 0.5839 	 0.3208 	1.7066 	 0.5932 	 1.4632 	 
14.18	4015.3012	141.8241	147.3959	0.6632 	 -0.3368 	 0.5860 	 0.3214 	1.6999 	 0.5953 	 1.4664 	 
14.2	4015.2663	141.9441	147.386	0.6632 	 -0.3360 	 0.5862 	 0.3220 	1.6986 	 0.5958 	 1.4654 	 
14.22	4015.1572	141.9601	147.2957	0.6638 	 -0.3370 	 0.5849 	 0.3218 	1.7021 	 0.5940 	 1.4638 	 
14.24	4015.3483	141.3963	146.9935	0.6689 	 -0.3389 	 0.5809 	 0.3167 	1.7221 	 0.5973 	 1.4551 	 
14.25	4015.3804	141.3764	147.0686	0.6691 	 -0.3388 	 0.5807 	 0.3167 	1.7223 	 0.5974 	 1.4545 	 
14.28	4015.5003	141.1754	147.2715	0.6704 	 -0.3384 	 0.5798 	 0.3161 	1.7261 	 0.5984 	 1.4511 	 
14.3	4015.673	140.993	147.424	0.6715 	 -0.3385 	 0.5787 	 0.3156 	1.7299 	 0.5986 	 1.4483 	 
14.33	4015.855	140.6874	147.6212	0.6731 	 -0.3383 	 0.5776 	 0.3145 	1.7351 	 0.6001 	 1.4446 	 
14.35	4015.9311	140.452	147.7545	0.6742 	 -0.3386 	 0.5767 	 0.3134 	1.7394 	 0.6009 	 1.4426 	 
14.38	4016.0164	140.0842	147.8684	0.6760 	 -0.3383 	 0.5754 	 0.3122 	1.7451 	 0.6025 	 1.4382 	 
14.39	4016.0582	139.9686	147.9074	0.6769 	 -0.3384 	 0.5746 	 0.3118 	1.7480 	 0.6025 	 1.4360 	 
14.41	4016.0312	139.1835	147.594	0.6765 	 -0.3369 	 0.5733 	 0.3166 	1.7436 	 0.5972 	 1.4304 	 
14.42	4016.0544	139.0523	147.6377	0.6770 	 -0.3367 	 0.5729 	 0.3163 	1.7453 	 0.5978 	 1.4290 	 
14.46	4016.7655	138.8399	148.5289	0.6799 	 -0.3376 	 0.5706 	 0.3133 	1.7566 	 0.5997 	 1.4237 	 
14.48	4016.9069	138.6777	148.6719	0.6845 	 -0.3385 	 0.5672 	 0.3086 	1.7741 	 0.6035 	 1.4153 	 
14.5	4017.315	138.2937	148.918	0.6875 	 -0.3385 	 0.5640 	 0.3077 	1.7844 	 0.6031 	 1.4064 	 
14.51	4017.5364	138.1423	149.1063	0.6888 	 -0.3383 	 0.5626 	 0.3074 	1.7884 	 0.6031 	 1.4024 	 
14.54	4018.1103	137.9493	150.197	0.6882 	 -0.3337 	 0.5664 	 0.3071 	1.7799 	 0.6121 	 1.4042 	 
14.57	4018.9898	137.5457	151.4004	0.6941 	 -0.3336 	 0.5603 	 0.3048 	1.8003 	 0.6121 	 1.3871 	 
14.58	4019.4227	137.0153	151.5841	0.6936 	 -0.3334 	 0.5594 	 0.3079 	1.7973 	 0.6073 	 1.3850 	 
14.6	4020.2638	136.129	152.507	0.6979 	 -0.3337 	 0.5543 	 0.3073 	1.8122 	 0.6048 	 1.3715 	 
14.61	4020.9077	135.5846	153.1765	0.7007 	 -0.3327 	 0.5516 	 0.3066 	1.8207 	 0.6053 	 1.3624 	 
14.65	4024.8994	132.6238	159.2371	0.7162 	 -0.3206 	 0.5399 	 0.3045 	1.8584 	 0.6165 	 1.3087 	 
14.66	4026.2074	132.2316	161.2903	0.7200 	 -0.3179 	 0.5348 	 0.3077 	1.8667 	 0.6119 	 1.2911 	 
14.69	4030.2761	129.36	168.0267	0.7340 	 -0.3003 	 0.5235 	 0.3115 	1.8934 	 0.6204 	 1.2303 	 
14.71	4033.1266	126.5096	172.4023	0.7472 	 -0.2849 	 0.5124 	 0.3129 	1.9228 	 0.6278 	 1.1743 	 
14.72	4035.0715	124.9106	175.1267	0.7530 	 -0.2774 	 0.5070 	 0.3145 	1.9353 	 0.6301 	 1.1474 	 
14.76	4042.9171	118.3502	187.3138	0.7752 	 -0.2430 	 0.4886 	 0.3182 	1.9835 	 0.6472 	 1.0392 	 
14.78	4048.2875	116.325	193.9901	0.7841 	 -0.2279 	 0.4821 	 0.3174 	2.0060 	 0.6578 	 0.9945 	 
14.79	4051.0808	115.561	197.1351	0.7878 	 -0.2212 	 0.4803 	 0.3158 	2.0164 	 0.6651 	 0.9764 	 
14.8	4054.1886	114.7616	200.0628	0.7919 	 -0.2164 	 0.4762 	 0.3150 	2.0293 	 0.6660 	 0.9571 	 
14.85	4073.0957	115.5138	210.5658	0.7973 	 -0.2034 	 0.4760 	 0.3105 	2.0456 	 0.6850 	 0.9281 	 
14.87	4083.7377	119.4309	213.982	0.7989 	 -0.2143 	 0.4765 	 0.2978 	2.0673 	 0.6863 	 0.9436 	 
14.89	4093.9798	124.1621	216.1177	0.7883 	 -0.2201 	 0.4913 	 0.2979 	2.0307 	 0.6990 	 0.9896 	 
14.9	4100.0081	126.8375	216.7492	0.7893 	 -0.2235 	 0.4903 	 0.2943 	2.0391 	 0.6977 	 0.9919 	 
14.92	4112.9796	132.6864	218.0391	0.7814 	 -0.2248 	 0.5028 	 0.2934 	2.0106 	 0.7128 	 1.0242 	 
14.95	4133.9014	140.2833	216.5376	0.7814 	 -0.2338 	 0.5003 	 0.2906 	2.0184 	 0.7024 	 1.0345 	 
14.96	4141.5653	143.2926	216.1152	0.7810 	 -0.2345 	 0.5011 	 0.2896 	2.0184 	 0.7035 	 1.0374 	 
14.98	4157.4189	148.5442	214.5792	0.7775 	 -0.2405 	 0.5025 	 0.2917 	2.0078 	 0.6960 	 1.0539 	 
15	4173.7227	154.4646	214.2866	0.7693 	 -0.2457 	 0.5171 	 0.2837 	1.9858 	 0.7157 	 1.0967 	 
15.02	4190.5391	158.1112	211.732	0.7696 	 -0.2555 	 0.5150 	 0.2778 	1.9988 	 0.7085 	 1.1080 	 
15.05	4216.9654	163.0123	208.4012	0.7652 	 -0.2595 	 0.5235 	 0.2703 	1.9905 	 0.7219 	 1.1343 	 
15.07	4235.0518	165.5202	206.4389	0.7594 	 -0.2578 	 0.5362 	 0.2634 	1.9711 	 0.7457 	 1.1618 	 
15.08	4244.292	166.4296	205.2359	0.7577 	 -0.2574 	 0.5411 	 0.2586 	1.9671 	 0.7572 	 1.1725 	 
15.1	4262.7437	167.5767	203.4345	0.7549 	 -0.2540 	 0.5518 	 0.2473 	1.9609 	 0.7858 	 1.1910 	 
15.12	4281.8855	168.2326	201.5581	0.7521 	 -0.2514 	 0.5617 	 0.2360 	1.9550 	 0.8127 	 1.2101 	 
15.15	4312.6946	165.5893	197.8574	0.7759 	 -0.2625 	 0.5314 	 0.2159 	2.0790 	 0.7914 	 1.1339 	 
15.16	4322.3651	165.9101	196.7888	0.7777 	 -0.2614 	 0.5308 	 0.2126 	2.0883 	 0.7957 	 1.1278 	 
15.18	4342.822	164.5617	195.3755	0.7736 	 -0.2568 	 0.5413 	 0.2062 	2.0743 	 0.8206 	 1.1442 	 
15.2	4362.5318	163.2011	193.7992	0.7709 	 -0.2543 	 0.5470 	 0.2044 	2.0628 	 0.8323 	 1.1546 	 
15.21	4373.0558	161.8488	192.4451	0.7723 	 -0.2568 	 0.5444 	 0.2032 	2.0714 	 0.8279 	 1.1516 	 
15.23	4393.7941	159.4364	191.019	0.7675 	 -0.2592 	 0.5505 	 0.2017 	2.0543 	 0.8338 	 1.1744 	 
15.26	4424.9698	155.7375	187.6243	0.7613 	 -0.2636 	 0.5553 	 0.2063 	2.0274 	 0.8282 	 1.2012 	 
15.27	4435.7496	153.9581	186.5217	0.7605 	 -0.2685 	 0.5545 	 0.2049 	2.0295 	 0.8233 	 1.2088 	 
15.28	4445.9343	152.6174	185.3589	0.7572 	 -0.2689 	 0.5582 	 0.2069 	2.0139 	 0.8243 	 1.2218 	 
15.29	4455.6913	152.1238	184.4687	0.7428 	 -0.2662 	 0.5755 	 0.2150 	1.9441 	 0.8338 	 1.2751 	 
15.3	4466.3027	150.018	182.8782	0.7411 	 -0.2722 	 0.5741 	 0.2169 	1.9420 	 0.8224 	 1.2837 	 
15.32	4487.9621	146.9145	180.2641	0.7380 	 -0.2855 	 0.5702 	 0.2206 	1.9404 	 0.7976 	 1.3002 	 
15.33	4496.0005	148.0388	179.7517	0.7087 	 -0.2768 	 0.6068 	 0.2301 	1.8047 	 0.8221 	 1.4079 	 
15.35	4516.8946	144.5931	176.834	0.6924 	 -0.2853 	 0.6184 	 0.2382 	1.7472 	 0.8045 	 1.4662 	 
15.37	4537.174	141.2887	173.1637	0.6853 	 -0.3020 	 0.6140 	 0.2493 	1.7400 	 0.7629 	 1.4828 	 
15.39	4556.2655	138.499	170.0308	0.6801 	 -0.3214 	 0.6071 	 0.2560 	1.7474 	 0.7225 	 1.4957 	 
15.4	4565.3983	137.4068	168.589	0.6753 	 -0.3259 	 0.6092 	 0.2582 	1.7361 	 0.7135 	 1.5109 	 
15.42	4582.4342	135.1118	165.6611	0.6575 	 -0.3323 	 0.6196 	 0.2708 	1.6817 	 0.6878 	 1.5560 	 
15.43	4590.3102	134.1227	164.0449	0.6530 	 -0.3356 	 0.6223 	 0.2716 	1.6714 	 0.6820 	 1.5704 	 
15.45	4604.9631	132.0372	161.2596	0.6491 	 -0.3484 	 0.6181 	 0.2745 	1.6788 	 0.6575 	 1.5794 	 
15.46	4610.5557	131.2049	161.3731	0.6564 	 -0.3505 	 0.6088 	 0.2750 	1.7064 	 0.6516 	 1.5543 	 
15.48	4619.7932	132.2847	160.1592	0.6651 	 -0.3635 	 0.5848 	 0.2890 	1.7527 	 0.6038 	 1.5079 	 
15.49	4622.4309	132.5501	158.4644	0.6642 	 -0.3614 	 0.5788 	 0.3052 	1.7433 	 0.5803 	 1.4886 	 
15.51	4626.5551	134.7309	156.4731	0.6740 	 -0.3686 	 0.5579 	 0.3141 	1.7834 	 0.5474 	 1.4465 	 
15.52	4626.9016	134.682	156.3438	0.6794 	 -0.3662 	 0.5500 	 0.3191 	1.7957 	 0.5393 	 1.4225 	 
15.54	4627.3817	133.4484	156.1206	0.6841 	 -0.3655 	 0.5484 	 0.3127 	1.8110 	 0.5489 	 1.4162 	 
15.56	4627.5815	133.4564	156.1774	0.6833 	 -0.3608 	 0.5500 	 0.3169 	1.8006 	 0.5504 	 1.4121 	 
15.58	4627.6083	133.7872	156.3521	0.6823 	 -0.3619 	 0.5501 	 0.3178 	1.7987 	 0.5476 	 1.4145 	 
15.59	4627.6733	133.8986	156.1487	0.6823 	 -0.3622 	 0.5502 	 0.3172 	1.7993 	 0.5480 	 1.4152 	 
15.61	4627.673	134.0427	156.2043	0.6819 	 -0.3624 	 0.5500 	 0.3181 	1.7982 	 0.5462 	 1.4153 	 
15.62	4627.7603	134.2273	156.3239	0.6818 	 -0.3617 	 0.5505 	 0.3182 	1.7968 	 0.5474 	 1.4154 	 
15.65	4627.8587	134.0344	156.3892	0.6822 	 -0.3611 	 0.5499 	 0.3192 	1.7969 	 0.5466 	 1.4126 	 
15.66	4627.8976	133.8222	156.2907	0.6831 	 -0.3619 	 0.5485 	 0.3188 	1.8010 	 0.5452 	 1.4106 	 
15.68	4628.5223	133.0387	156.0003	0.6916 	 -0.3673 	 0.5382 	 0.3118 	1.8381 	 0.5414 	 1.3937 	 
15.69	4628.4599	132.8864	156.0013	0.6914 	 -0.3669 	 0.5380 	 0.3130 	1.8365 	 0.5401 	 1.3927 	 
15.71	4628.5009	133.054	155.985	0.6915 	 -0.3678 	 0.5373 	 0.3129 	1.8381 	 0.5386 	 1.3927 	 
15.72	4628.511	133.1811	155.9334	0.6909 	 -0.3670 	 0.5383 	 0.3134 	1.8351 	 0.5396 	 1.3936 	 
15.73	4628.5573	132.812	155.7899	0.6818 	 -0.3536 	 0.5573 	 0.3155 	1.7855 	 0.5666 	 1.4175 	 
15.75	4628.5372	132.8255	155.6119	0.6820 	 -0.3540 	 0.5573 	 0.3147 	1.7868 	 0.5671 	 1.4181 	 
15.77	4628.5088	132.9173	155.5378	0.6814 	 -0.3533 	 0.5577 	 0.3161 	1.7836 	 0.5664 	 1.4181 	 
15.79	4628.5382	133.0341	155.6193	0.6814 	 -0.3524 	 0.5580 	 0.3165 	1.7822 	 0.5672 	 1.4175 	 
15.8	4628.595	133.0681	155.6904	0.6819 	 -0.3523 	 0.5576 	 0.3164 	1.7835 	 0.5674 	 1.4160 	 
15.82	4628.6204	132.992	155.8168	0.6824 	 -0.3515 	 0.5570 	 0.3171 	1.7840 	 0.5672 	 1.4132 	 
15.83	4628.7518	133.0161	155.8826	0.6826 	 -0.3515 	 0.5568 	 0.3170 	1.7846 	 0.5671 	 1.4125 	 
15.85	4628.9073	132.9847	156.0388	0.6833 	 -0.3510 	 0.5561 	 0.3172 	1.7861 	 0.5673 	 1.4099 	 
15.87	4629.0724	132.837	156.1691	0.6842 	 -0.3506 	 0.5551 	 0.3175 	1.7882 	 0.5668 	 1.4067 	 
15.89	4629.2012	132.7388	156.3485	0.6855 	 -0.3505 	 0.5541 	 0.3167 	1.7925 	 0.5677 	 1.4036 	 
15.9	4629.3437	132.7549	156.4682	0.6861 	 -0.3501 	 0.5540 	 0.3158 	1.7943 	 0.5695 	 1.4026 	 
15.92	4629.3972	132.317	156.5713	0.6883 	 -0.3503 	 0.5518 	 0.3148 	1.8019 	 0.5693 	 1.3969 	 
15.93	4629.5142	132.2462	156.6394	0.6892 	 -0.3505 	 0.5508 	 0.3142 	1.8054 	 0.5693 	 1.3949 	 
15.95	4629.4721	131.9699	156.8011	0.6904 	 -0.3497 	 0.5506 	 0.3129 	1.8084 	 0.5721 	 1.3924 	 
15.96	4629.5068	131.7771	156.7914	0.6912 	 -0.3496 	 0.5495 	 0.3131 	1.8110 	 0.5712 	 1.3895 	 
15.99	4628.3062	133.3161	157.6852	0.6794 	 -0.3378 	 0.5676 	 0.3195 	1.7539 	 0.5889 	 1.4171 	 
16	4628.4751	133.2322	157.9319	0.6762 	 -0.3350 	 0.5732 	 0.3193 	1.7394 	 0.5960 	 1.4272 	 
16.02	4628.7224	132.8823	158.0643	0.6786 	 -0.3349 	 0.5712 	 0.3180 	1.7474 	 0.5971 	 1.4213 	 
16.03	4628.8199	132.6906	158.1347	0.6799 	 -0.3348 	 0.5699 	 0.3176 	1.7515 	 0.5972 	 1.4176 	 
16.06	4629.4406	132.2327	158.5981	0.6840 	 -0.3340 	 0.5665 	 0.3157 	1.7644 	 0.5993 	 1.4065 	 
16.07	4629.6773	132.0758	158.7926	0.6853 	 -0.3341 	 0.5654 	 0.3147 	1.7691 	 0.6001 	 1.4035 	 
16.09	4630.1704	131.5541	159.1483	0.6885 	 -0.3342 	 0.5623 	 0.3131 	1.7802 	 0.6005 	 1.3952 	 
16.1	4630.4443	131.4258	159.4462	0.6895 	 -0.3336 	 0.5614 	 0.3131 	1.7827 	 0.6008 	 1.3916 	 
16.12	4630.7313	130.8399	160.1342	0.6923 	 -0.3314 	 0.5584 	 0.3148 	1.7883 	 0.5997 	 1.3798 	 
16.13	4631.3972	131.1213	160.4504	0.6938 	 -0.3330 	 0.5567 	 0.3127 	1.7962 	 0.5996 	 1.3778 	 
16.16	4632.6476	130.35	162.0204	0.6953 	 -0.3304 	 0.5540 	 0.3170 	1.7963 	 0.5954 	 1.3667 	 
16.17	4633.4315	129.957	163.3267	0.6991 	 -0.3286 	 0.5522 	 0.3135 	1.8078 	 0.6019 	 1.3580 	 
16.19	4635.425	128.6813	166.3915	0.7067 	 -0.3225 	 0.5482 	 0.3101 	1.8262 	 0.6123 	 1.3351 	 
16.2	4636.5901	128.3342	167.9973	0.7108 	 -0.3187 	 0.5434 	 0.3129 	1.8345 	 0.6103 	 1.3164 	 
16.22	4639.1187	127.702	172.1028	0.7196 	 -0.3154 	 0.5332 	 0.3138 	1.8601 	 0.6058 	 1.2842 	 
16.24	4642.2665	127.3959	176.9709	0.7280 	 -0.3075 	 0.5251 	 0.3158 	1.8789 	 0.6068 	 1.2495 	 
16.26	4644.4077	124.5954	180.6519	0.7351 	 -0.2938 	 0.5169 	 0.3257 	1.8840 	 0.6047 	 1.2067 	 
16.29	4649.5123	122.544	188.9198	0.7525 	 -0.2775 	 0.5029 	 0.3222 	1.9297 	 0.6163 	 1.1407 	 
16.3	4651.4801	117.5679	189.9475	0.7811 	 -0.2832 	 0.4547 	 0.3208 	2.0360 	 0.5570 	 1.0449 	 
16.31	4653.9628	116.8168	192.7571	0.7821 	 -0.2787 	 0.4558 	 0.3208 	2.0352 	 0.5636 	 1.0383 	 
16.32	4655.5878	114.6383	196.0428	0.7841 	 -0.2742 	 0.4508 	 0.3268 	2.0345 	 0.5560 	 1.0219 	 
16.34	4658.0872	113.4129	202.5011	0.7870 	 -0.2506 	 0.4609 	 0.3246 	2.0274 	 0.5977 	 0.9958 	 
16.36	4661.9368	110.9744	208.2661	0.7939 	 -0.2449 	 0.4519 	 0.3250 	2.0471 	 0.5923 	 0.9661 	 
16.37	4664.0534	111.249	211.4701	0.7937 	 -0.2297 	 0.4613 	 0.3232 	2.0377 	 0.6234 	 0.9552 	 
16.39	4670.4538	109.4334	216.6843	0.7957 	 -0.2158 	 0.4600 	 0.3297 	2.0320 	 0.6307 	 0.9288 	 
16.4	4674.4856	109.7927	218.9459	0.7985 	 -0.2131 	 0.4569 	 0.3291 	2.0409 	 0.6303 	 0.9166 	 
16.42	4681.845	111.3551	223.0021	0.8060 	 -0.2151 	 0.4495 	 0.3194 	2.0762 	 0.6276 	 0.8996 	 
16.43	4685.7646	110.998	224.4316	0.8010 	 -0.2107 	 0.4583 	 0.3224 	2.0538 	 0.6414 	 0.9109 	 
16.45	4694.848	114.447	226.9521	0.8063 	 -0.2276 	 0.4481 	 0.3118 	2.0900 	 0.6196 	 0.9176 	 
16.47	4705.5085	118.6118	229.0801	0.8077 	 -0.2317 	 0.4488 	 0.3043 	2.1031 	 0.6235 	 0.9231 	 
16.49	4717.1492	122.5349	230.0338	0.8092 	 -0.2402 	 0.4467 	 0.2966 	2.1198 	 0.6192 	 0.9320 	 
16.5	4723.4517	124.8144	230.1687	0.8074 	 -0.2438 	 0.4492 	 0.2946 	2.1174 	 0.6209 	 0.9433 	 
16.52	4737.6176	130.1379	230.156	0.8063 	 -0.2468 	 0.4524 	 0.2904 	2.1188 	 0.6263 	 0.9537 	 
16.53	4744.6833	132.5343	229.793	0.8035 	 -0.2492 	 0.4560 	 0.2906 	2.1098 	 0.6284 	 0.9660 	 
16.55	4759.0531	135.9653	228.2359	0.7984 	 -0.2563 	 0.4627 	 0.2876 	2.0990 	 0.6328 	 0.9930 	 
16.56	4767.9455	139.1831	227.7969	0.7953 	 -0.2559 	 0.4673 	 0.2892 	2.0861 	 0.6375 	 1.0028 	 
16.57	4776.0062	141.3166	227.3456	0.7934 	 -0.2597 	 0.4702 	 0.2862 	2.0845 	 0.6403 	 1.0152 	 
16.59	4793.6717	146.8923	226.2138	0.7928 	 -0.2665 	 0.4736 	 0.2759 	2.0953 	 0.6483 	 1.0315 	 
16.6	4803.0039	148.5089	226.0252	0.7891 	 -0.2771 	 0.4754 	 0.2731 	2.0922 	 0.6421 	 1.0557 	 
16.62	4821.201	152.0368	224.4726	0.7853 	 -0.2833 	 0.4813 	 0.2671 	2.0883 	 0.6492 	 1.0789 	 
16.63	4829.9872	152.8425	222.8582	0.7758 	 -0.2819 	 0.4965 	 0.2685 	2.0509 	 0.6675 	 1.1118 	 
16.65	4849.0826	153.9568	221.0115	0.7671 	 -0.2808 	 0.5122 	 0.2652 	2.0198 	 0.6903 	 1.1461 	 
16.66	4858.6778	154.874	220.2319	0.7661 	 -0.2852 	 0.5146 	 0.2588 	2.0243 	 0.6956 	 1.1584 	 
16.68	4877.5519	155.4134	218.0882	0.7582 	 -0.2872 	 0.5242 	 0.2606 	1.9951 	 0.7013 	 1.1879 	 
16.69	4887.3739	155.371	217.2034	0.7574 	 -0.2904 	 0.5254 	 0.2570 	1.9977 	 0.7030 	 1.1960 	 
16.71	4907.3925	155.6785	215.778	0.7524 	 -0.2939 	 0.5316 	 0.2549 	1.9837 	 0.7078 	 1.2187 	 
16.72	4917.3888	154.6501	214.9574	0.7489 	 -0.2877 	 0.5419 	 0.2503 	1.9670 	 0.7311 	 1.2326 	 
16.74	4936.4228	150.2441	211.7867	0.7442 	 -0.2838 	 0.5458 	 0.2602 	1.9389 	 0.7271 	 1.2392 	 
16.76	4956.7707	150.1328	211.4176	0.7457 	 -0.2932 	 0.5422 	 0.2528 	1.9589 	 0.7215 	 1.2453 	 
16.77	4967.1969	149.997	210.7311	0.7430 	 -0.2945 	 0.5457 	 0.2518 	1.9506 	 0.7243 	 1.2572 	 
16.79	4987.3979	148.8153	209.1697	0.7445 	 -0.2997 	 0.5422 	 0.2487 	1.9639 	 0.7187 	 1.2569 	 
16.8	4998.1172	148.681	208.4335	0.7412 	 -0.3021 	 0.5460 	 0.2474 	1.9546 	 0.7206 	 1.2719 	 
16.81	5008.434	147.8886	207.6224	0.7350 	 -0.3023 	 0.5530 	 0.2502 	1.9294 	 0.7229 	 1.2931 	 
16.83	5028.7507	144.5701	205.9553	0.7312 	 -0.3072 	 0.5556 	 0.2495 	1.9212 	 0.7198 	 1.3100 	 
16.85	5049.1532	140.5533	204.3731	0.7286 	 -0.3089 	 0.5594 	 0.2464 	1.9149 	 0.7248 	 1.3236 	 
16.86	5058.8828	140.2618	203.3231	0.7150 	 -0.3072 	 0.5754 	 0.2519 	1.8583 	 0.7315 	 1.3689 	 
16.88	5079.0864	136.0927	201.7149	0.7224 	 -0.3111 	 0.5684 	 0.2413 	1.8967 	 0.7357 	 1.3529 	 
16.89	5089.3755	133.6303	201.0402	0.7150 	 -0.3208 	 0.5715 	 0.2434 	1.8801 	 0.7223 	 1.3817 	 
16.9	5098.0504	131.8848	199.7346	0.7262 	 -0.3170 	 0.5651 	 0.2296 	1.9250 	 0.7413 	 1.3518 	 
16.91	5108.693	130.4661	198.7031	0.7146 	 -0.3220 	 0.5732 	 0.2388 	1.8823 	 0.7282 	 1.3882 	 
16.93	5127.7503	126.5011	196.6246	0.7062 	 -0.3250 	 0.5825 	 0.2375 	1.8551 	 0.7320 	 1.4222 	 
16.95	5144.9326	121.6982	194.8347	0.6985 	 -0.3081 	 0.6033 	 0.2308 	1.8049 	 0.7763 	 1.4553 	 
16.96	5154.4121	120.2557	194.922	0.6981 	 -0.3160 	 0.6032 	 0.2215 	1.8181 	 0.7784 	 1.4685 	 
16.97	5163.679	118.7956	193.8756	0.6878 	 -0.3207 	 0.6121 	 0.2222 	1.7851 	 0.7747 	 1.5078 	 
16.98	5171.7822	116.9944	192.7594	0.6879 	 -0.3243 	 0.6093 	 0.2244 	1.7900 	 0.7652 	 1.5053 	 
16.99	5179.9124	115.5182	191.401	0.6948 	 -0.3266 	 0.6041 	 0.2138 	1.8239 	 0.7750 	 1.4911 	 
17.01	5195.5436	111.9607	189.4076	0.6802 	 -0.3355 	 0.6128 	 0.2219 	1.7788 	 0.7542 	 1.5381 	 
17.02	5202.5467	110.3325	188.3403	0.6810 	 -0.3371 	 0.6123 	 0.2184 	1.7853 	 0.7570 	 1.5392 	 
17.03	5209.8012	109.5618	186.9334	0.6685 	 -0.3412 	 0.6195 	 0.2300 	1.7423 	 0.7360 	 1.5715 	 
17.05	5221.4719	107.4658	184.7213	0.6726 	 -0.3425 	 0.6192 	 0.2164 	1.7633 	 0.7543 	 1.5730 	 
17.06	5227.6797	105.8767	183.3637	0.6587 	 -0.3493 	 0.6261 	 0.2282 	1.7212 	 0.7280 	 1.6084 	 
17.08	5236.3324	102.9175	179.3028	0.6625 	 -0.3488 	 0.6215 	 0.2305 	1.7334 	 0.7244 	 1.5919 	 
17.09	5239.8487	102.3948	177.2346	0.6632 	 -0.3541 	 0.6184 	 0.2289 	1.7449 	 0.7183 	 1.5915 	 
17.1	5239.4934	47.5465	149.6027	0.6574 	 -0.3652 	 0.6164 	 0.2334 	1.7424 	 0.6945 	 1.6055 	 
17.11	5242.0253	47.0974	148.8297	0.6580 	 -0.3660 	 0.6138 	 0.2373 	1.7447 	 0.6869 	 1.5986 	 
17.13	5247.4952	65.7876	155.3236	0.6610 	 -0.3668 	 0.6016 	 0.2579 	1.7516 	 0.6512 	 1.5621 	 
17.14	5249.749	71.3201	155.8509	0.6629 	 -0.3667 	 0.5959 	 0.2666 	1.7555 	 0.6366 	 1.5448 	 
17.15	5252.0278	71.8595	154.0802	0.6644 	 -0.3625 	 0.5917 	 0.2777 	1.7513 	 0.6246 	 1.5251 	 
17.16	5252.7936	57.8503	145.1953	0.6744 	 -0.3610 	 0.5779 	 0.2843 	1.7804 	 0.6118 	 1.4835 	 
17.18	5255.3997	60.9927	144.5752	0.6873 	 -0.3500 	 0.5649 	 0.2934 	1.8040 	 0.6079 	 1.4279 	 
17.19	5256.8349	58.4059	143.7085	0.6876 	 -0.3523 	 0.5595 	 0.3000 	1.8067 	 0.5922 	 1.4188 	 
17.21	5257.5861	50.7489	141.7326	0.6925 	 -0.3610 	 0.5505 	 0.2951 	1.8368 	 0.5816 	 1.4108 	 
17.22	5257.7632	51.4769	142.0528	0.6948 	 -0.3568 	 0.5507 	 0.2946 	1.8384 	 0.5883 	 1.4030 	 
17.23	5258.0798	53.9952	143.4538	0.6946 	 -0.3578 	 0.5503 	 0.2944 	1.8394 	 0.5868 	 1.4039 	 
17.24	5258.2208	53.8179	143.5692	0.6953 	 -0.3598 	 0.5482 	 0.2942 	1.8448 	 0.5831 	 1.4023 	 
17.26	5258.327	55.5109	144.3336	0.6958 	 -0.3585 	 0.5488 	 0.2935 	1.8448 	 0.5863 	 1.4012 	 
17.27	5258.2678	54.7012	143.8533	0.6949 	 -0.3588 	 0.5489 	 0.2951 	1.8416 	 0.5838 	 1.4024 	 
17.28	5258.1282	53.071	142.9332	0.6939 	 -0.3590 	 0.5491 	 0.2967 	1.8383 	 0.5813 	 1.4035 	 
17.3	5258.104	54.233	143.2127	0.6932 	 -0.3575 	 0.5506 	 0.2976 	1.8331 	 0.5831 	 1.4047 	 
17.31	5258.0851	53.3179	142.6797	0.6925 	 -0.3578 	 0.5505 	 0.2989 	1.8310 	 0.5806 	 1.4052 	 
17.32	5258.1552	54.1084	143.0265	0.6926 	 -0.3575 	 0.5505 	 0.2990 	1.8311 	 0.5809 	 1.4046 	 
17.35	5258.3323	53.7365	142.8717	0.6943 	 -0.3580 	 0.5487 	 0.2977 	1.8378 	 0.5810 	 1.4007 	 
17.36	5258.3272	53.2456	142.5811	0.6949 	 -0.3581 	 0.5483 	 0.2972 	1.8399 	 0.5813 	 1.3996 	 
17.37	5258.3577	53.1662	142.4867	0.6942 	 -0.3584 	 0.5485 	 0.2978 	1.8380 	 0.5801 	 1.4010 	 
17.38	5258.3498	53.4007	142.464	0.6945 	 -0.3581 	 0.5486 	 0.2974 	1.8386 	 0.5812 	 1.4006 	 
17.39	5258.3479	53.9479	142.6465	0.6938 	 -0.3579 	 0.5491 	 0.2984 	1.8357 	 0.5804 	 1.4015 	 
17.41	5258.239	54.9021	142.9015	0.6942 	 -0.3572 	 0.5496 	 0.2974 	1.8362 	 0.5831 	 1.4015 	 
17.42	5258.2617	56.1136	143.401	0.6939 	 -0.3565 	 0.5503 	 0.2975 	1.8344 	 0.5844 	 1.4021 	 
17.44	5258.1581	55.7556	143.1647	0.6941 	 -0.3561 	 0.5504 	 0.2973 	1.8345 	 0.5852 	 1.4015 	 
17.46	5258.2682	56.7318	143.6897	0.6937 	 -0.3552 	 0.5509 	 0.2984 	1.8315 	 0.5852 	 1.4013 	 
17.47	5258.2326	55.6194	143.1809	0.6942 	 -0.3557 	 0.5500 	 0.2986 	1.8335 	 0.5837 	 1.3997 	 
17.48	5258.231	54.7228	142.8483	0.6941 	 -0.3557 	 0.5497 	 0.2992 	1.8333 	 0.5826 	 1.3991 	 
17.49	5258.1824	53.2761	142.2124	0.6948 	 -0.3561 	 0.5487 	 0.2990 	1.8361 	 0.5818 	 1.3972 	 
17.51	5258.2782	53.0918	142.3395	0.6962 	 -0.3562 	 0.5475 	 0.2978 	1.8413 	 0.5825 	 1.3943 	 
17.52	5258.4976	55.9625	143.8535	0.6978 	 -0.3557 	 0.5471 	 0.2955 	1.8465 	 0.5862 	 1.3916 	 
17.54	5258.6837	56.5302	144.407	0.7001 	 -0.3560 	 0.5451 	 0.2931 	1.8557 	 0.5879 	 1.3869 	 
17.56	5259.0718	60.2703	146.5043	0.7025 	 -0.3554 	 0.5444 	 0.2896 	1.8638 	 0.5931 	 1.3832 	 
19.67	5766.0848	51.6858	194.8944	0.7855 	 -0.2414 	 0.5358 	 0.1938 	2.1277 	 0.8454 	 1.0859 	 
19.68	5767.8963	45.2637	194.2795	0.7784 	 -0.2463 	 0.5366 	 0.2132 	2.0803 	 0.8188 	 1.1116 	 
19.69	5767.1307	44.1898	195.5199	0.7881 	 -0.2325 	 0.5394 	 0.1842 	2.1454 	 0.8702 	 1.0691 	 
19.7	5768.1587	40.1288	195.6019	0.7836 	 -0.2301 	 0.5461 	 0.1862 	2.1222 	 0.8792 	 1.0854 	 
19.71	5768.5513	36.1615	195.5628	0.7862 	 -0.2227 	 0.5474 	 0.1807 	2.1370 	 0.8951 	 1.0676 	 
19.72	5769.0333	32.3106	195.2511	0.7870 	 -0.2157 	 0.5504 	 0.1768 	2.1425 	 0.9108 	 1.0573 	 
19.73	5769.4774	28.3192	195.0027	0.7874 	 -0.2076 	 0.5542 	 0.1728 	2.1466 	 0.9288 	 1.0468 	 
19.75	5770.2162	20.5887	194.2393	0.7912 	 -0.1880 	 0.5600 	 0.1585 	2.1810 	 0.9729 	 1.0043 	 
19.76	5770.7193	16.4535	193.6802	0.7914 	 -0.1773 	 0.5645 	 0.1534 	2.1898 	 0.9957 	 0.9872 	 
19.77	5771.0483	12.6301	193.2976	0.7934 	 -0.1674 	 0.5673 	 0.1435 	2.2172 	 1.0201 	 0.9595 	 
19.78	5771.7776	8.6851	192.5874	0.7945 	 -0.1575 	 0.5705 	 0.1359 	2.2386 	 1.0427 	 0.9346 	 
19.79	5772.5115	4.8374	192.1188	0.7949 	 -0.1482 	 0.5746 	 0.1269 	2.2615 	 1.0671 	 0.9112 	 
19.8	5773.1032	0.86388	191.432	0.7960 	 -0.1382 	 0.5773 	 0.1181 	2.2919 	 1.0896 	 0.8789 	 
19.82	5774.7361	-6.5959	190.2516	0.7963 	 -0.1206 	 0.5844 	 0.0995 	2.3528 	 1.1353 	 0.8194 	 
19.83	5775.8479	-10.1072	189.5663	0.7913 	 -0.1106 	 0.5930 	 0.0997 	2.3345 	 1.1591 	 0.8227 	 
19.84	5776.6765	-13.197	189.3505	0.7896 	 -0.1017 	 0.5981 	 0.0922 	2.3568 	 1.1829 	 0.7985 	 
19.85	5777.2776	-15.5595	189.2658	0.7911 	 -0.0946 	 0.5982 	 0.0856 	2.3969 	 1.1952 	 0.7577 	 
19.86	5777.7139	-16.7782	189.3958	0.7939 	 -0.0907 	 0.5958 	 0.0801 	2.4374 	 1.1987 	 0.7194 	 
19.87	5777.9356	-16.8138	189.6558	0.7963 	 -0.0920 	 0.5925 	 0.0798 	2.4499 	 1.1916 	 0.7093 	 
19.88	5777.9163	-16.4083	189.6996	0.7987 	 -0.0966 	 0.5883 	 0.0818 	2.4491 	 1.1782 	 0.7138 	 
19.89	5777.6746	-16.1392	189.4354	0.7981 	 -0.0986 	 0.5884 	 0.0844 	2.4343 	 1.1747 	 0.7277 	 
19.9	5777.418	-16.0877	188.9762	0.7951 	 -0.0984 	 0.5922 	 0.0860 	2.4130 	 1.1805 	 0.7466 	 
19.92	5776.7609	-15.6785	188.0266	0.7907 	 -0.0963 	 0.5981 	 0.0885 	2.3823 	 1.1911 	 0.7705 	 
19.93	5776.1457	-15.4021	187.6689	0.7912 	 -0.0966 	 0.5975 	 0.0875 	2.3882 	 1.1905 	 0.7665 	 
19.94	5775.3719	-14.9671	187.19	0.7907 	 -0.0962 	 0.5984 	 0.0866 	2.3885 	 1.1933 	 0.7669 	 
19.95	5774.6986	-14.6111	186.7003	0.7894 	 -0.0960 	 0.6001 	 0.0865 	2.3812 	 1.1968 	 0.7742 	 
19.96	5774.4437	-14.5001	186.4598	0.7873 	 -0.0969 	 0.6026 	 0.0878 	2.3629 	 1.1992 	 0.7918 	 
19.97	5774.4528	-14.484	186.413	0.7865 	 -0.0976 	 0.6033 	 0.0889 	2.3537 	 1.1990 	 0.8005 	 
19.98	5774.4717	-14.4915	186.442	0.7871 	 -0.0971 	 0.6027 	 0.0883 	2.3599 	 1.1988 	 0.7944 	 
19.99	5774.4885	-14.4953	186.4841	0.7877 	 -0.0965 	 0.6021 	 0.0879 	2.3656 	 1.1987 	 0.7884 	 
20	5774.5367	-14.4811	186.5685	0.7882 	 -0.0965 	 0.6014 	 0.0876 	2.3698 	 1.1976 	 0.7846 	 
20.01	5774.6475	-14.5237	186.6587	0.7893 	 -0.0967 	 0.6001 	 0.0872 	2.3773 	 1.1954 	 0.7781 	 
20.02	5774.7937	-14.5777	186.7562	0.7899 	 -0.0969 	 0.5993 	 0.0869 	2.3815 	 1.1940 	 0.7744 	 
20.03	5774.9254	-14.63	186.8681	0.7909 	 -0.0968 	 0.5980 	 0.0864 	2.3896 	 1.1922 	 0.7669 	 
20.04	5775.0363	-14.6831	186.9507	0.7916 	 -0.0968 	 0.5971 	 0.0862 	2.3947 	 1.1909 	 0.7622 	 
20.05	5775.1185	-14.726	186.9852	0.7917 	 -0.0967 	 0.5969 	 0.0863 	2.3949 	 1.1905 	 0.7617 	 
20.06	5775.1773	-14.7209	186.9801	0.7916 	 -0.0967 	 0.5971 	 0.0866 	2.3929 	 1.1906 	 0.7634 	 
20.08	5775.0568	-14.6971	186.8873	0.7921 	 -0.0969 	 0.5965 	 0.0860 	2.3979 	 1.1898 	 0.7595 	 
20.09	5774.983	-14.6791	186.8168	0.7919 	 -0.0969 	 0.5967 	 0.0860 	2.3968 	 1.1901 	 0.7606 	 
20.12	5774.8022	-14.6748	186.6085	0.7909 	 -0.0976 	 0.5980 	 0.0860 	2.3892 	 1.1920 	 0.7690 	 
20.15	5774.6557	-14.7118	186.4119	0.7900 	 -0.0977 	 0.5991 	 0.0862 	2.3832 	 1.1936 	 0.7751 	 
20.16	5774.5638	-14.6828	186.36	0.7900 	 -0.0977 	 0.5991 	 0.0858 	2.3846 	 1.1942 	 0.7742 	 
20.17	5774.4742	-14.7044	186.2734	0.7895 	 -0.0978 	 0.5999 	 0.0856 	2.3815 	 1.1955 	 0.7776 	 
20.18	5774.4302	-14.6969	186.1753	0.7886 	 -0.0982 	 0.6008 	 0.0862 	2.3740 	 1.1963 	 0.7848 	 
20.19	5774.3776	-14.7157	186.0856	0.7878 	 -0.0985 	 0.6018 	 0.0865 	2.3674 	 1.1976 	 0.7915 	 
20.2	5774.3228	-14.7132	185.9935	0.7868 	 -0.0988 	 0.6030 	 0.0871 	2.3590 	 1.1990 	 0.7993 	 
20.21	5774.2792	-14.6919	185.9122	0.7860 	 -0.0990 	 0.6039 	 0.0877 	2.3521 	 1.1997 	 0.8058 	 
20.23	5774.1855	-14.6651	185.7817	0.7847 	 -0.0992 	 0.6055 	 0.0885 	2.3405 	 1.2017 	 0.8165 	 
20.25	5774.0866	-14.6113	185.6699	0.7839 	 -0.0990 	 0.6065 	 0.0889 	2.3344 	 1.2033 	 0.8216 	 
20.28	5773.9608	-14.6205	185.5524	0.7834 	 -0.0986 	 0.6072 	 0.0889 	2.3319 	 1.2050 	 0.8237 	 
20.29	5773.9288	-14.6282	185.5212	0.7831 	 -0.0985 	 0.6075 	 0.0890 	2.3303 	 1.2054 	 0.8250 	 
20.3	5773.8896	-14.6522	185.5085	0.7833 	 -0.0984 	 0.6073 	 0.0886 	2.3330 	 1.2056 	 0.8226 	 
20.31	5773.8674	-14.6584	185.5016	0.7833 	 -0.0983 	 0.6074 	 0.0885 	2.3330 	 1.2059 	 0.8228 	 
20.34	5773.7851	-14.6484	185.4509	0.7836 	 -0.0980 	 0.6071 	 0.0880 	2.3370 	 1.2062 	 0.8188 	 
20.35	5773.7744	-14.6493	185.4581	0.7837 	 -0.0979 	 0.6071 	 0.0879 	2.3381 	 1.2063 	 0.8180 	 
20.36	5773.7569	-14.6589	185.4414	0.7835 	 -0.0978 	 0.6073 	 0.0880 	2.3366 	 1.2068 	 0.8192 	 
20.37	5773.7766	-14.6576	185.4321	0.7834 	 -0.0979 	 0.6074 	 0.0882 	2.3353 	 1.2065 	 0.8203 	 
20.38	5773.7493	-14.654	185.4402	0.7837 	 -0.0976 	 0.6071 	 0.0879 	2.3385 	 1.2067 	 0.8171 	 
20.39	5773.7474	-14.6413	185.4309	0.7837 	 -0.0975 	 0.6072 	 0.0879 	2.3384 	 1.2067 	 0.8170 	 
20.4	5773.7263	-14.6598	185.4399	0.7838 	 -0.0975 	 0.6070 	 0.0877 	2.3400 	 1.2068 	 0.8156 	 
20.41	5773.7533	-14.6284	185.4219	0.7835 	 -0.0974 	 0.6074 	 0.0880 	2.3373 	 1.2072 	 0.8178 	 
20.44	5773.714	-14.6275	185.413	0.7836 	 -0.0971 	 0.6073 	 0.0878 	2.3389 	 1.2074 	 0.8160 	 
20.46	5773.653	-14.5903	185.3925	0.7837 	 -0.0969 	 0.6073 	 0.0876 	2.3405 	 1.2078 	 0.8145 	 
20.48	5773.5804	-14.5682	185.363	0.7835 	 -0.0966 	 0.6076 	 0.0875 	2.3403 	 1.2088 	 0.8144 	 
20.49	5773.5467	-14.5434	185.3544	0.7834 	 -0.0964 	 0.6077 	 0.0874 	2.3398 	 1.2092 	 0.8147 	 
20.5	5773.499	-14.5324	185.3368	0.7833 	 -0.0963 	 0.6079 	 0.0874 	2.3395 	 1.2097 	 0.8150 	 
20.51	5773.4531	-14.5125	185.3203	0.7832 	 -0.0962 	 0.6080 	 0.0873 	2.3396 	 1.2100 	 0.8147 	 
20.53	5773.3677	-14.4887	185.2841	0.7829 	 -0.0958 	 0.6085 	 0.0872 	2.3387 	 1.2113 	 0.8153 	 
